0.0256 0.0823 0.1207 0.0857 0.0018 0.0974 0.0618 0.0082 0.0477 0.0055 0.0157 0.0826 0.0187 0.0030 0.0357 0.0600 0.2288 0.0006 0.0044 0.0138
0.0666 0.1050 0.0749 0.0212 0.0011 0.0261 0.0477 0.0013 0.0750 0.1147 0.1764 0.0036 0.0239 0.0018 0.1154 0.0166 0.0273 0.0033 0.0176 0.0806
0.0732 0.1483 0.0039 0.0479 0.0015 0.0902 0.0014 0.0020 0.0026 0.0060 0.1938 0.0725 0.0164 0.0026 0.1603 0.0060 0.1617 0.0005 0.0031 0.0063
0.0356 0.2350 0.1676 0.1211 0.0024 0.1353 0.0969 0.0255 0.0663 0.0064 0.0099 0.0352 0.0029 0.0041 0.0052 0.0129 0.0273 0.0008 0.0043 0.0054
0.0715 0.0711 0.0796 0.0380 0.0009 0.0227 0.0415 0.0011 0.0126 0.0486 0.1537 0.0137 0.0234 0.0151 0.1005 0.1534 0.1187 0.0007 0.0312 0.0019
0.0209 0.0329 0.0235 0.0137 0.5377 0.0168 0.0120 0.0149 0.0191 0.0359 0.0553 0.0207 0.0075 0.0227 0.0291 0.0489 0.0359 0.0044 0.0231 0.0253
0.0075 0.0115 0.0781 0.2364 0.0047 0.0059 0.1305 0.0052 0.0069 0.0125 0.0193 0.0159 0.0026 0.0079 0.4068 0.0173 0.0125 0.0015 0.0080 0.0088
0.0101 0.0159 0.0113 0.0066 0.0065 0.0081 0.0058 0.0072 0.0092 0.0173 0.2546 0.0100 0.0036 0.4385 0.0141 0.0236 0.0173 0.1036 0.0246 0.0122
0.1173 0.0047 0.1570 0.0952 0.0019 0.0052 0.0161 0.0840 0.1208 0.0050 0.0078 0.0029 0.0011 0.0032 0.0041 0.3275 0.0111 0.0006 0.0309 0.0035
0.0138 0.0210 0.0149 0.3927 0.0086 0.0236 0.3066 0.0095 0.0121 0.0229 0.0352 0.0132 0.0048 0.0145 0.0186 0.0316 0.0228 0.0028 0.0147 0.0161
0.0066 0.0105 0.0075 0.0044 0.0043 0.0053 0.0038 0.0048 0.0061 0.5457 0.0176 0.0066 0.0024 0.0072 0.0093 0.0156 0.0114 0.0014 0.0074 0.3222
0.0153 0.0242 0.0172 0.0100 0.0099 0.0123 0.0088 0.0110 0.0140 0.0264 0.0406 0.0152 0.0055 0.6673 0.0214 0.0359 0.0263 0.0032 0.0169 0.0185
0.0150 0.0236 0.6749 0.0098 0.0097 0.0121 0.0086 0.0107 0.0137 0.0258 0.0397 0.0148 0.0054 0.0163 0.0209 0.0352 0.0258 0.0031 0.0166 0.0182
0.6471 0.0255 0.0182 0.0106 0.0104 0.0132 0.0093 0.0116 0.0148 0.0278 0.0428 0.0162 0.0058 0.0176 0.0226 0.0379 0.0278 0.0034 0.0179 0.0196
0.0075 0.0118 0.0084 0.0049 0.0048 0.0060 0.0044 0.0053 0.0068 0.0128 0.0198 0.0088 0.0027 0.0081 0.0153 0.3407 0.5130 0.0016 0.0083 0.0090
0.0277 0.0897 0.0780 0.0420 0.0009 0.0356 0.0328 0.0010 0.0646 0.0762 0.0160 0.0438 0.0099 0.0301 0.0020 0.1644 0.1213 0.0004 0.0781 0.0854
0.0136 0.0215 0.0153 0.0089 0.0088 0.0110 0.0078 0.0098 0.0124 0.0235 0.0361 0.0135 0.0049 0.5933 0.0190 0.0319 0.0234 0.1137 0.0151 0.0165
0.1629 0.0064 0.1832 0.0032 0.0026 0.0033 0.0023 0.0030 0.1489 0.0070 0.0108 0.0040 0.0015 0.0044 0.0084 0.4308 0.0070 0.0008 0.0046 0.0049
0.0087 0.0138 0.0098 0.0057 0.0056 0.0070 0.0050 0.0063 0.0080 0.0151 0.0232 0.0087 0.0031 0.0095 0.0123 0.8210 0.0150 0.0018 0.0097 0.0106
0.0143 0.0225 0.0160 0.0093 0.0092 0.0115 0.0082 0.0102 0.0130 0.0246 0.0378 0.0141 0.0051 0.0155 0.0199 0.0335 0.0245 0.0030 0.0158 0.6918
0.0151 0.0239 0.0170 0.0099 0.0097 0.0122 0.0087 0.0108 0.0138 0.0261 0.0401 0.0150 0.0054 0.0178 0.0211 0.0355 0.0260 0.0032 0.6702 0.0183
0.4302 0.0374 0.0515 0.0671 0.0070 0.0826 0.0591 0.0077 0.0145 0.0185 0.0285 0.0115 0.0750 0.0117 0.0150 0.0371 0.0185 0.0022 0.0119 0.0130
0.0322 0.0508 0.0362 0.0211 0.0207 0.0259 0.0186 0.0231 0.0294 0.0555 0.0854 0.0319 0.0115 0.0379 0.0450 0.0756 0.0554 0.2691 0.0356 0.0390
0.0096 0.1760 0.1014 0.0063 0.0015 0.0726 0.0520 0.0024 0.0025 0.0039 0.0060 0.1089 0.0008 0.0025 0.0031 0.2606 0.1845 0.0005 0.0025 0.0027
0.0119 0.7483 0.0133 0.0078 0.0076 0.0095 0.0068 0.0085 0.0108 0.0204 0.0314 0.0117 0.0042 0.0129 0.0166 0.0278 0.0204 0.0025 0.0131 0.0144
0.0035 0.2690 0.0039 0.0023 0.0023 0.0028 0.0020 0.0025 0.0032 0.0256 0.0111 0.1385 0.0244 0.0038 0.0049 0.0082 0.2963 0.0007 0.0039 0.1911
0.1182 0.2396 0.0408 0.0037 0.0104 0.0068 0.0988 0.0027 0.0038 0.0279 0.0148 0.1863 0.0016 0.0041 0.0053 0.0131 0.0078 0.0008 0.0062 0.2075
0.0033 0.0052 0.0037 0.0022 0.0021 0.0027 0.0019 0.0024 0.0030 0.2292 0.3526 0.0033 0.0371 0.1800 0.0046 0.0078 0.0057 0.0345 0.1145 0.0040
0.0608 0.0470 0.1730 0.0636 0.0044 0.1248 0.0018 0.0024 0.0887 0.0054 0.0083 0.0045 0.0011 0.0037 0.0044 0.2928 0.1044 0.0007 0.0037 0.0045
0.0099 0.0155 0.4438 0.0616 0.0063 0.0079 0.0057 0.2199 0.0384 0.0170 0.0261 0.0098 0.0035 0.0107 0.0587 0.0231 0.0169 0.0021 0.0109 0.0119
0.0209 0.0329 0.0235 0.0137 0.5377 0.0168 0.0120 0.0149 0.0191 0.0359 0.0553 0.0207 0.0075 0.0227 0.0291 0.0489 0.0359 0.0044 0.0231 0.0253
0.0023 0.1404 0.0025 0.0015 0.0015 0.0171 0.0028 0.0016 0.0045 0.1890 0.0563 0.0429 0.0389 0.0754 0.0031 0.0053 0.1901 0.0186 0.0985 0.1078
0.4543 0.0179 0.0128 0.0074 0.0076 0.1778 0.0065 0.0081 0.0104 0.0195 0.0443 0.0112 0.0041 0.0124 0.0158 0.0266 0.0195 0.1175 0.0126 0.0138
0.0207 0.0326 0.0233 0.5418 0.0133 0.0166 0.0119 0.0148 0.0189 0.0356 0.0548 0.0205 0.0074 0.0225 0.0289 0.0485 0.0355 0.0043 0.0229 0.0250
0.0042 0.0066 0.0047 0.0028 0.0027 0.0034 0.0024 0.0030 0.0038 0.0160 0.4467 0.0042 0.0737 0.1835 0.0059 0.0099 0.0072 0.0274 0.1866 0.0051
0.0195 0.1002 0.1141 0.0662 0.0013 0.0742 0.0561 0.0585 0.0911 0.0036 0.0058 0.0809 0.0143 0.0022 0.0029 0.1917 0.1092 0.0004 0.0023 0.0055
0.0654 0.0088 0.0704 0.0019 0.0009 0.0504 0.0361 0.0040 0.0572 0.0216 0.1659 0.0645 0.0232 0.0711 0.0357 0.1469 0.0703 0.0136 0.0283 0.0637
0.0075 0.0118 0.0084 0.0049 0.0048 0.0060 0.0043 0.0054 0.0069 0.0551 0.7965 0.0074 0.0027 0.0181 0.0105 0.0176 0.0129 0.0016 0.0083 0.0091
0.0592 0.0286 0.0022 0.0012 0.0012 0.0691 0.0011 0.0014 0.0021 0.1616 0.2497 0.0080 0.0338 0.0022 0.0027 0.0426 0.1558 0.0009 0.0842 0.0922
0.0046 0.0159 0.2053 0.0127 0.0029 0.1749 0.1052 0.0139 0.0398 0.0079 0.0121 0.0192 0.0016 0.0050 0.0064 0.2083 0.1527 0.0010 0.0050 0.0055
0.0065 0.0099 0.0155 0.1846 0.0040 0.0051 0.0080 0.0045 0.0057 0.0108 0.0166 0.0062 0.0022 0.0068 0.0087 0.5865 0.1025 0.0013 0.0069 0.0076
0.2073 0.3985 0.0058 0.0034 0.0033 0.0045 0.1347 0.1485 0.0047 0.0089 0.0137 0.0113 0.0079 0.0058 0.0072 0.0121 0.0089 0.0011 0.0057 0.0063
0.0191 0.0982 0.0023 0.0056 0.0015 0.0798 0.0359 0.0446 0.0569 0.0671 0.1033 0.0084 0.0324 0.0424 0.0030 0.1879 0.1377 0.0018 0.0689 0.0029
0.0144 0.0226 0.0161 0.0094 0.0092 0.0116 0.0083 0.0103 0.0131 0.0247 0.0380 0.0142 0.0051 0.6254 0.0201 0.0337 0.0247 0.0583 0.0234 0.0174
0.0081 0.0127 0.0091 0.0225 0.0052 0.0619 0.0047 0.0058 0.0074 0.0139 0.0213 0.0080 0.0029 0.0088 0.0112 0.7560 0.0204 0.0017 0.0089 0.0098
0.0071 0.0112 0.0080 0.0046 0.0046 0.1773 0.0041 0.0051 0.1260 0.0145 0.0799 0.0076 0.0037 0.0077 0.0099 0.0198 0.4868 0.0015 0.0081 0.0126
0.0153 0.0241 0.0172 0.0100 0.0099 0.0123 0.0088 0.0110 0.0140 0.0264 0.0406 0.0152 0.0055 0.6669 0.0214 0.0359 0.0263 0.0038 0.0169 0.0185
0.0053 0.4081 0.1140 0.0325 0.0034 0.1304 0.0128 0.0037 0.0048 0.0090 0.0203 0.2063 0.0019 0.0057 0.0073 0.0123 0.0089 0.0011 0.0058 0.0065
0.0209 0.0329 0.0235 0.0137 0.5377 0.0168 0.0120 0.0149 0.0191 0.0359 0.0553 0.0207 0.0075 0.0227 0.0291 0.0489 0.0359 0.0044 0.0231 0.0253
0.0144 0.0227 0.0162 0.0094 0.0093 0.0116 0.0083 0.0103 0.0131 0.0248 0.0381 0.0142 0.0052 0.0667 0.0201 0.0337 0.0247 0.0032 0.6367 0.0174
0.0117 0.1766 0.2570 0.0077 0.0076 0.0095 0.0068 0.3365 0.0107 0.0202 0.0311 0.0139 0.0042 0.0128 0.0164 0.0275 0.0202 0.0024 0.0130 0.0142
0.0058 0.0091 0.0065 0.0038 0.0055 0.0046 0.0033 0.0041 0.0053 0.3971 0.0337 0.0057 0.0021 0.1952 0.0080 0.0135 0.0100 0.0012 0.0064 0.2792
0.0625 0.0047 0.0903 0.0626 0.0013 0.0036 0.0575 0.0014 0.0020 0.1713 0.0063 0.0897 0.0031 0.0022 0.0030 0.1884 0.1713 0.0004 0.0027 0.0757
0.0720 0.1228 0.0018 0.0010 0.0010 0.0627 0.0179 0.0011 0.0139 0.1309 0.1908 0.0779 0.0111 0.0827 0.0892 0.0039 0.0061 0.0162 0.0026 0.0943
0.0610 0.1194 0.0773 0.0310 0.0010 0.0598 0.0436 0.0213 0.0628 0.0112 0.1256 0.0064 0.0246 0.0516 0.0091 0.1112 0.1048 0.0030 0.0674 0.0079
0.0242 0.0059 0.1405 0.0024 0.0016 0.0920 0.0696 0.0027 0.1045 0.0047 0.0080 0.1004 0.0020 0.0028 0.0035 0.2930 0.1355 0.0005 0.0028 0.0033
0.0079 0.0125 0.0089 0.0052 0.0051 0.0064 0.0046 0.0057 0.0072 0.0136 0.8403 0.0078 0.0028 0.0086 0.0111 0.0186 0.0136 0.0017 0.0088 0.0096
0.0114 0.0180 0.4300 0.3053 0.0062 0.0170 0.0057 0.0101 0.0090 0.0165 0.0253 0.0095 0.0041 0.0104 0.0569 0.0242 0.0164 0.0020 0.0106 0.0116
0.0041 0.0068 0.0099 0.1048 0.0026 0.0627 0.1126 0.0063 0.0349 0.0069 0.0106 0.0047 0.0014 0.0044 0.0056 0.4630 0.1340 0.0008 0.0189 0.0048
0.0110 0.0085 0.0058 0.0033 0.0038 0.0048 0.0122 0.0037 0.0067 0.0126 0.5286 0.0073 0.0852 0.0231 0.0070 0.0117 0.0086 0.0010 0.2489 0.0061
0.0165 0.0287 0.0204 0.0100 0.3926 0.2388 0.0105 0.0109 0.0308 0.0263 0.0405 0.0222 0.0055 0.0166 0.0254 0.0370 0.0283 0.0032 0.0169 0.0191
0.0748 0.0061 0.0043 0.0025 0.0105 0.0031 0.0022 0.0027 0.0035 0.0146 0.0110 0.0038 0.0015 0.1672 0.0512 0.0091 0.2053 0.0382 0.2024 0.1860
0.1867 0.0133 0.0410 0.0037 0.0025 0.0068 0.0429 0.0028 0.0042 0.0068 0.0101 0.0361 0.0014 0.0042 0.0053 0.3589 0.2630 0.0008 0.0044 0.0050
0.1564 0.0059 0.1559 0.0025 0.0023 0.0041 0.0389 0.0027 0.1267 0.0060 0.0092 0.0035 0.0027 0.0045 0.0052 0.3667 0.0254 0.0008 0.0746 0.0062
0.0055 0.0086 0.0062 0.0036 0.0336 0.0044 0.0032 0.0039 0.0050 0.3772 0.1384 0.0054 0.0968 0.0060 0.0076 0.0128 0.0094 0.0011 0.0061 0.2652
0.0082 0.0129 0.0110 0.0053 0.0053 0.0066 0.0047 0.0058 0.0075 0.0311 0.0217 0.0081 0.0030 0.1730 0.0114 0.0191 0.2732 0.0163 0.3614 0.0146
0.2252 0.0089 0.0063 0.0037 0.0036 0.1812 0.1298 0.0040 0.0051 0.0097 0.0219 0.2230 0.0807 0.0061 0.0079 0.0132 0.0097 0.0470 0.0062 0.0068
0.0207 0.0326 0.0233 0.5418 0.0133 0.0166 0.0119 0.0148 0.0189 0.0356 0.0548 0.0205 0.0074 0.0225 0.0289 0.0485 0.0355 0.0043 0.0229 0.0250
0.0087 0.0138 0.0098 0.0057 0.0056 0.0070 0.0050 0.0063 0.0080 0.0151 0.0232 0.0087 0.0031 0.0095 0.0122 0.8209 0.0153 0.0018 0.0097 0.0106
0.0153 0.0242 0.0172 0.0100 0.0099 0.0123 0.0088 0.0110 0.0140 0.0264 0.0406 0.0152 0.0055 0.6673 0.0214 0.0359 0.0263 0.0032 0.0169 0.0185
0.0143 0.0225 0.0160 0.0093 0.0092 0.0115 0.0082 0.0102 0.0130 0.0246 0.0378 0.0141 0.0051 0.0155 0.0199 0.0335 0.0245 0.0030 0.0158 0.6918
0.0068 0.0107 0.0077 0.0045 0.0044 0.0055 0.0039 0.0049 0.0062 0.4700 0.0399 0.0068 0.0024 0.0074 0.0095 0.0160 0.0117 0.0014 0.0075 0.3727
0.0118 0.7442 0.0133 0.0077 0.0076 0.0095 0.0068 0.0084 0.0108 0.0203 0.0312 0.0172 0.0042 0.0128 0.0165 0.0277 0.0203 0.0025 0.0130 0.0143
0.0197 0.0311 0.0221 0.0129 0.0127 0.0159 0.0114 0.5649 0.0180 0.0339 0.0522 0.0195 0.0071 0.0214 0.0275 0.0462 0.0339 0.0041 0.0218 0.0239
0.0067 0.0089 0.0064 0.1463 0.0036 0.0429 0.0032 0.0040 0.0051 0.0096 0.0148 0.0055 0.0022 0.1183 0.0078 0.5911 0.0096 0.0012 0.0062 0.0068
0.0083 0.0131 0.0093 0.0065 0.0054 0.3325 0.1918 0.0060 0.3041 0.0143 0.0220 0.0082 0.0030 0.0090 0.0116 0.0195 0.0143 0.0017 0.0092 0.0101
0.0108 0.0170 0.0121 0.0071 0.0069 0.0087 0.0062 0.0077 0.0099 0.0188 0.2727 0.0107 0.0039 0.0117 0.0151 0.0253 0.0185 0.0022 0.0119 0.5227
0.0116 0.4988 0.0131 0.0053 0.0053 0.0076 0.0046 0.0061 0.0106 0.0141 0.0209 0.3133 0.0029 0.0087 0.0163 0.0273 0.0137 0.0017 0.0087 0.0096
0.0185 0.0291 0.0207 0.0121 0.0119 0.5942 0.0106 0.0132 0.0169 0.0318 0.0489 0.0183 0.0066 0.0201 0.0258 0.0433 0.0317 0.0038 0.0204 0.0223
0.0111 0.0175 0.0125 0.0073 0.0072 0.0089 0.0064 0.0080 0.0102 0.7657 0.0294 0.0110 0.0040 0.0121 0.0155 0.0261 0.0191 0.0023 0.0123 0.0135
0.6464 0.0255 0.0182 0.0106 0.0104 0.0141 0.0096 0.0117 0.0148 0.0278 0.0428 0.0160 0.0058 0.0176 0.0225 0.0379 0.0277 0.0034 0.0179 0.0195
0.0129 0.0204 0.0145 0.0085 0.0083 0.0104 0.0075 0.0093 0.0118 0.0223 0.0343 0.0128 0.0046 0.0141 0.7231 0.0303 0.0222 0.0027 0.0143 0.0157
0.0163 0.0278 0.0184 0.0107 0.0155 0.0132 0.0094 0.4682 0.0220 0.0281 0.0434 0.0162 0.0070 0.1697 0.0228 0.0385 0.0281 0.0034 0.0216 0.0198
0.1339 0.0181 0.0030 0.0018 0.0017 0.0867 0.0023 0.0600 0.0025 0.0047 0.0071 0.0114 0.0476 0.0029 0.0038 0.2528 0.2089 0.0006 0.0030 0.1472
0.0109 0.1999 0.0560 0.0017 0.0016 0.0030 0.0015 0.0357 0.1159 0.0045 0.0068 0.1014 0.0009 0.0028 0.0036 0.2709 0.1760 0.0005 0.0029 0.0032
0.0197 0.0311 0.0221 0.0129 0.0127 0.0159 0.0114 0.5649 0.0180 0.0339 0.0522 0.0195 0.0071 0.0214 0.0275 0.0462 0.0339 0.0041 0.0218 0.0239
0.0163 0.0256 0.0183 0.0106 0.0105 0.0131 0.0094 0.0116 0.0148 0.0280 0.0430 0.6440 0.0058 0.0177 0.0227 0.0381 0.0279 0.0034 0.0194 0.0197
0.0111 0.0175 0.0125 0.0073 0.0072 0.0089 0.0064 0.0080 0.0102 0.7658 0.0294 0.0110 0.0040 0.0121 0.0155 0.0261 0.0191 0.0023 0.0123 0.0135
0.6471 0.0255 0.0182 0.0106 0.0104 0.0130 0.0093 0.0116 0.0148 0.0278 0.0428 0.0160 0.0058 0.0176 0.0226 0.0385 0.0278 0.0034 0.0179 0.0196
0.0104 0.0361 0.2269 0.2715 0.0067 0.2596 0.0060 0.0074 0.0095 0.0178 0.0275 0.0227 0.0037 0.0113 0.0145 0.0245 0.0178 0.0022 0.0115 0.0125
0.0116 0.0183 0.0131 0.0076 0.0075 0.0093 0.0067 0.0083 0.0106 0.0200 0.0308 0.0115 0.0042 0.2462 0.0162 0.0272 0.0200 0.0024 0.5144 0.0141
0.0150 0.0236 0.6749 0.0098 0.0097 0.0121 0.0086 0.0107 0.0137 0.0258 0.0397 0.0148 0.0054 0.0163 0.0209 0.0352 0.0258 0.0031 0.0166 0.0182
0.0152 0.0239 0.0170 0.0099 0.0098 0.0122 0.0087 0.0109 0.0139 0.0261 0.0402 0.0150 0.0054 0.0165 0.0212 0.0355 0.0260 0.0032 0.6711 0.0184
0.0162 0.0304 0.0182 0.0106 0.0104 0.0130 0.0093 0.0116 0.0160 0.0279 0.0428 0.6410 0.0058 0.0176 0.0226 0.0379 0.0278 0.0034 0.0179 0.0196
0.0074 0.0116 0.0083 0.0048 0.0047 0.0059 0.0042 0.0053 0.0067 0.0541 0.7811 0.0073 0.0026 0.0080 0.0103 0.0173 0.0127 0.0015 0.0081 0.0380
0.0129 0.0204 0.0145 0.0085 0.0083 0.0104 0.0075 0.0093 0.0118 0.0223 0.0343 0.0128 0.0046 0.0141 0.7231 0.0303 0.0222 0.0027 0.0143 0.0157
0.1351 0.0841 0.1232 0.0717 0.0018 0.0022 0.0752 0.0043 0.1001 0.0069 0.2903 0.0116 0.0042 0.0030 0.0365 0.0095 0.0051 0.0006 0.0031 0.0316
0.0098 0.0155 0.4965 0.2562 0.0063 0.0079 0.0083 0.0070 0.0107 0.0168 0.0259 0.0413 0.0035 0.0106 0.0141 0.0248 0.0201 0.0020 0.0108 0.0118
0.0153 0.0242 0.0172 0.0100 0.0099 0.0123 0.0088 0.0110 0.0140 0.0264 0.0406 0.0152 0.0055 0.6673 0.0214 0.0359 0.0263 0.0032 0.0169 0.0185
0.0018 0.1141 0.0020 0.0012 0.0466 0.0017 0.0010 0.0013 0.0322 0.1520 0.2162 0.0874 0.0316 0.0961 0.0025 0.0042 0.1244 0.0004 0.0801 0.0032
0.0197 0.0311 0.0221 0.0129 0.0127 0.0159 0.0114 0.5649 0.0180 0.0339 0.0522 0.0195 0.0071 0.0214 0.0275 0.0462 0.0339 0.0041 0.0218 0.0239
0.0209 0.0329 0.0235 0.0137 0.5377 0.0168 0.0120 0.0149 0.0191 0.0359 0.0553 0.0207 0.0075 0.0227 0.0291 0.0489 0.0359 0.0044 0.0231 0.0253
0.0143 0.0225 0.0160 0.0093 0.0092 0.0115 0.0082 0.0102 0.0130 0.0246 0.0378 0.0141 0.0051 0.0155 0.0199 0.0335 0.0245 0.0030 0.0158 0.6917
0.0056 0.0088 0.0063 0.0036 0.0036 0.0045 0.0032 0.0040 0.0051 0.3839 0.0326 0.0055 0.0022 0.2960 0.0078 0.0131 0.0096 0.0050 0.1918 0.0081
0.6427 0.0253 0.0180 0.0105 0.0103 0.0129 0.0093 0.0115 0.0147 0.0276 0.0425 0.0159 0.0058 0.0175 0.0224 0.0449 0.0276 0.0033 0.0178 0.0194
0.0323 0.0509 0.0363 0.0211 0.0208 0.0260 0.0186 0.0231 0.0295 0.0556 0.0856 0.0320 0.0116 0.0352 0.0451 0.0758 0.0555 0.2698 0.0357 0.0391
0.0150 0.0236 0.6749 0.0098 0.0097 0.0121 0.0086 0.0107 0.0137 0.0258 0.0397 0.0148 0.0054 0.0163 0.0209 0.0352 0.0258 0.0031 0.0166 0.0182
0.2155 0.0109 0.0078 0.0045 0.0045 0.0056 0.0040 0.0050 0.0063 0.0119 0.0183 0.0069 0.0025 0.0075 0.0097 0.6497 0.0121 0.0014 0.0077 0.0084
0.0075 0.1130 0.3378 0.0049 0.0048 0.0060 0.0043 0.0054 0.0069 0.0129 0.0293 0.3667 0.0027 0.0082 0.0105 0.0176 0.0129 0.0016 0.0083 0.0387
0.1017 0.0339 0.1014 0.0287 0.0015 0.0020 0.0055 0.0502 0.0981 0.0040 0.0071 0.1108 0.0323 0.0234 0.0070 0.2606 0.0754 0.0005 0.0030 0.0531
0.0032 0.0050 0.0036 0.0198 0.0020 0.0244 0.0175 0.0023 0.0029 0.2604 0.3364 0.0978 0.0109 0.0041 0.0044 0.0074 0.0055 0.0015 0.0035 0.1875
0.0207 0.0326 0.0233 0.5418 0.0133 0.0166 0.0119 0.0148 0.0189 0.0356 0.0548 0.0205 0.0074 0.0225 0.0289 0.0485 0.0355 0.0043 0.0229 0.0250
0.0087 0.0138 0.0098 0.0057 0.0056 0.0070 0.0050 0.0063 0.0080 0.0151 0.0232 0.0087 0.0031 0.0095 0.0122 0.8211 0.0150 0.0018 0.0097 0.0106
0.2141 0.0160 0.0078 0.0045 0.0044 0.2498 0.0047 0.0049 0.0139 0.0120 0.0185 0.2725 0.0105 0.0075 0.0096 0.0167 0.1128 0.0032 0.0082 0.0085
0.0118 0.1356 0.0046 0.0018 0.0018 0.0095 0.0016 0.0020 0.0492 0.1481 0.0699 0.1304 0.0010 0.0031 0.1884 0.0066 0.0925 0.0055 0.0031 0.1339
0.0152 0.0239 0.0170 0.0099 0.0098 0.0122 0.0087 0.0109 0.0139 0.0261 0.0401 0.0150 0.0054 0.0171 0.0212 0.0355 0.0260 0.0032 0.6707 0.0183
0.0583 0.0884 0.0597 0.0008 0.0011 0.0470 0.0323 0.0402 0.0430 0.0811 0.1247 0.0579 0.0209 0.0398 0.0016 0.1347 0.0987 0.0004 0.0016 0.0679
0.0060 0.0094 0.0067 0.0039 0.0038 0.0048 0.0034 0.0043 0.0065 0.0103 0.0158 0.2932 0.0047 0.3224 0.0083 0.0140 0.0102 0.0012 0.2638 0.0073
0.0119 0.7483 0.0133 0.0078 0.0076 0.0095 0.0068 0.0085 0.0108 0.0204 0.0314 0.0117 0.0042 0.0129 0.0166 0.0278 0.0204 0.0025 0.0131 0.0144
0.0051 0.0081 0.0058 0.0033 0.0033 0.0041 0.0029 0.0037 0.0047 0.2742 0.5425 0.0051 0.0909 0.0056 0.0071 0.0120 0.0088 0.0011 0.0057 0.0062
0.0153 0.0241 0.0172 0.0100 0.0099 0.0123 0.0088 0.0110 0.0140 0.0264 0.0408 0.0152 0.0055 0.6672 0.0214 0.0359 0.0263 0.0032 0.0169 0.0185
0.0119 0.7483 0.0133 0.0078 0.0076 0.0095 0.0068 0.0085 0.0108 0.0204 0.0314 0.0117 0.0042 0.0129 0.0166 0.0278 0.0204 0.0025 0.0131 0.0144
0.0760 0.1198 0.0028 0.0795 0.0016 0.0787 0.0699 0.0021 0.0893 0.0042 0.0065 0.0968 0.0037 0.0027 0.1665 0.0244 0.1680 0.0005 0.0028 0.0044
0.0200 0.1025 0.1147 0.0617 0.0013 0.0161 0.0544 0.0742 0.0372 0.0037 0.0055 0.0403 0.0008 0.0023 0.0029 0.1962 0.1621 0.0004 0.0024 0.1013
0.0949 0.1522 0.0875 0.0019 0.0015 0.0746 0.0107 0.0014 0.0847 0.1595 0.0114 0.0957 0.0030 0.0022 0.0845 0.0049 0.0033 0.0004 0.0092 0.1166
0.0055 0.0087 0.0062 0.0036 0.0035 0.0044 0.0032 0.0039 0.0050 0.2945 0.5826 0.0054 0.0020 0.0060 0.0077 0.0129 0.0094 0.0011 0.0061 0.0284
0.0119 0.0347 0.0121 0.0071 0.0065 0.1562 0.1788 0.0105 0.0091 0.0172 0.0315 0.3950 0.0152 0.0112 0.0139 0.0242 0.0378 0.0021 0.0119 0.0131
0.0154 0.0203 0.0145 0.0084 0.0083 0.0104 0.0074 0.0092 0.0118 0.0222 0.0342 0.0128 0.0046 0.0140 0.7213 0.0303 0.0222 0.0027 0.0143 0.0156
0.0121 0.0191 0.0137 0.0079 0.0078 0.0098 0.0070 0.1691 0.0132 0.0209 0.0322 0.0120 0.0064 0.5281 0.0169 0.0284 0.0208 0.0026 0.0572 0.0147
0.0166 0.0262 0.0187 0.0109 0.0107 0.2605 0.3834 0.0120 0.0152 0.0286 0.0440 0.0165 0.0060 0.0181 0.0232 0.0390 0.0286 0.0035 0.0184 0.0201
0.0108 0.6796 0.0121 0.0070 0.0069 0.0094 0.0062 0.0077 0.0098 0.0185 0.0285 0.1018 0.0039 0.0117 0.0150 0.0253 0.0185 0.0022 0.0119 0.0130
0.0207 0.0326 0.0233 0.5418 0.0133 0.0166 0.0119 0.0148 0.0189 0.0356 0.0548 0.0205 0.0074 0.0225 0.0289 0.0485 0.0355 0.0043 0.0229 0.0250
0.0060 0.0094 0.0637 0.0042 0.0040 0.1912 0.0034 0.0043 0.0054 0.4091 0.0670 0.0087 0.1057 0.0065 0.0083 0.0166 0.0102 0.0012 0.0066 0.0686
0.0072 0.0077 0.0060 0.0307 0.0032 0.0043 0.0029 0.0078 0.0045 0.0085 0.0130 0.0049 0.0018 0.0053 0.0069 0.4610 0.4120 0.0010 0.0054 0.0059
0.0168 0.0592 0.0862 0.0031 0.0030 0.1546 0.1024 0.0028 0.0053 0.0070 0.0108 0.0759 0.0017 0.0043 0.0055 0.1798 0.2707 0.0008 0.0052 0.0049
0.0036 0.2332 0.0036 0.0019 0.0019 0.1169 0.0686 0.0031 0.0027 0.0051 0.0079 0.1462 0.0011 0.0032 0.0042 0.1359 0.2533 0.0006 0.0033 0.0036
0.0145 0.0228 0.0163 0.0095 0.0093 0.0117 0.0083 0.4152 0.0132 0.0249 0.0384 0.2792 0.0052 0.0158 0.0202 0.0340 0.0249 0.0030 0.0160 0.0175
0.0150 0.0236 0.6749 0.0098 0.0097 0.0121 0.0086 0.0107 0.0137 0.0258 0.0397 0.0148 0.0054 0.0163 0.0209 0.0352 0.0258 0.0031 0.0166 0.0182
0.0209 0.0329 0.0235 0.0137 0.5377 0.0168 0.0120 0.0149 0.0191 0.0359 0.0553 0.0207 0.0075 0.0227 0.0291 0.0489 0.0359 0.0044 0.0231 0.0253
0.0152 0.0239 0.0170 0.0099 0.0098 0.0122 0.0087 0.0109 0.0139 0.0261 0.0402 0.0150 0.0054 0.0165 0.0212 0.0355 0.0260 0.0032 0.6711 0.0184
0.1076 0.1568 0.1181 0.0016 0.0014 0.0345 0.0013 0.0017 0.0044 0.0038 0.0059 0.1084 0.0075 0.0960 0.0032 0.2068 0.0161 0.0010 0.1210 0.0029
0.0129 0.0204 0.0145 0.0085 0.0083 0.0104 0.0075 0.0093 0.0118 0.0223 0.0343 0.0128 0.0046 0.0141 0.7231 0.0303 0.0222 0.0027 0.0143 0.0157
0.0048 0.0076 0.0054 0.0031 0.0031 0.0039 0.0028 0.0034 0.0044 0.4031 0.5085 0.0047 0.0017 0.0052 0.0067 0.0112 0.0082 0.0010 0.0053 0.0058
0.0942 0.0031 0.0021 0.0012 0.0116 0.0610 0.0011 0.0613 0.0539 0.0035 0.2487 0.0930 0.0338 0.1024 0.0026 0.0044 0.0035 0.0004 0.1042 0.1137
0.1005 0.1608 0.0451 0.0013 0.0013 0.0516 0.0014 0.0015 0.0934 0.0035 0.0055 0.1010 0.0070 0.0022 0.1151 0.1933 0.1101 0.0004 0.0023 0.0025
0.0152 0.0239 0.0170 0.0099 0.0098 0.0122 0.0087 0.0109 0.0139 0.0261 0.0402 0.0150 0.0054 0.0165 0.0212 0.0355 0.0260 0.0032 0.6711 0.0184
0.0197 0.0311 0.0221 0.0129 0.0127 0.0159 0.0114 0.5649 0.0180 0.0339 0.0522 0.0195 0.0071 0.0214 0.0275 0.0462 0.0339 0.0041 0.0218 0.0239
0.0153 0.0242 0.0172 0.0100 0.0099 0.0123 0.0088 0.0110 0.0140 0.0264 0.0406 0.0152 0.0055 0.6673 0.0214 0.0359 0.0263 0.0032 0.0169 0.0185
0.0101 0.0107 0.0052 0.0030 0.0030 0.1479 0.0026 0.0033 0.2087 0.0079 0.0122 0.0045 0.0016 0.2485 0.0064 0.0108 0.0079 0.0476 0.2526 0.0056
0.0129 0.0204 0.0145 0.0085 0.0083 0.0104 0.0075 0.0093 0.0118 0.0223 0.0343 0.0128 0.0046 0.0141 0.7231 0.0303 0.0222 0.0027 0.0143 0.0157
0.0111 0.0175 0.0125 0.0073 0.0072 0.0090 0.0064 0.0080 0.0102 0.0192 0.0295 0.0110 0.0040 0.0121 0.0155 0.0261 0.7654 0.0023 0.0123 0.0135
0.0039 0.0042 0.1193 0.0017 0.0017 0.0031 0.0015 0.0019 0.0970 0.0049 0.0070 0.0026 0.0380 0.1435 0.0037 0.0062 0.2266 0.0275 0.1458 0.1596
0.0197 0.0311 0.0221 0.0129 0.0127 0.0159 0.0114 0.5649 0.0180 0.0339 0.0522 0.0195 0.0071 0.0214 0.0275 0.0462 0.0339 0.0041 0.0218 0.0239
0.0029 0.1403 0.0024 0.0015 0.0019 0.0494 0.0011 0.0014 0.0022 0.1682 0.2550 0.0971 0.0351 0.0668 0.0028 0.0046 0.0034 0.0004 0.0679 0.0956
0.0197 0.0311 0.0222 0.0129 0.0127 0.0159 0.0114 0.5649 0.0180 0.0339 0.0522 0.0195 0.0071 0.0214 0.0275 0.0462 0.0339 0.0041 0.0218 0.0239
0.0131 0.0207 0.0148 0.0086 0.0085 0.0106 0.0076 0.0094 0.0120 0.0226 0.0348 0.0130 0.0047 0.0143 0.0183 0.0308 0.0226 0.1362 0.5815 0.0159
0.0185 0.0291 0.0207 0.0121 0.0119 0.5942 0.0106 0.0132 0.0169 0.0318 0.0489 0.0183 0.0066 0.0201 0.0258 0.0433 0.0317 0.0038 0.0204 0.0223
0.0129 0.0204 0.0145 0.0085 0.0083 0.0104 0.0075 0.0093 0.0118 0.0223 0.0343 0.0128 0.0046 0.0141 0.7231 0.0303 0.0222 0.0027 0.0143 0.0157
0.0062 0.0098 0.0070 0.0041 0.0040 0.0050 0.0036 0.0044 0.2816 0.0107 0.0164 0.0061 0.0022 0.3217 0.0087 0.0145 0.0107 0.0013 0.2746 0.0075
0.0119 0.7483 0.0133 0.0078 0.0076 0.0095 0.0068 0.0085 0.0108 0.0204 0.0314 0.0117 0.0042 0.0129 0.0166 0.0278 0.0204 0.0025 0.0131 0.0144
0.0143 0.0225 0.0160 0.0093 0.0092 0.0115 0.0082 0.0102 0.0130 0.0246 0.0378 0.0141 0.0051 0.0155 0.0199 0.0335 0.0245 0.0030 0.0158 0.6918
0.0143 0.0225 0.0160 0.0093 0.0092 0.0115 0.0082 0.0102 0.0130 0.0246 0.0378 0.0141 0.0051 0.0155 0.0199 0.0335 0.0245 0.0030 0.0158 0.6918
0.0143 0.0225 0.0160 0.0093 0.0092 0.0115 0.0082 0.0102 0.0130 0.0246 0.0378 0.0141 0.0051 0.0155 0.0199 0.0335 0.0245 0.0030 0.0158 0.6918
0.0079 0.0125 0.0089 0.0052 0.0051 0.0064 0.0046 0.0057 0.0072 0.0137 0.8403 0.0078 0.0028 0.0086 0.0111 0.0186 0.0136 0.0017 0.0088 0.0096
0.0036 0.0055 0.0058 0.0023 0.0023 0.0029 0.0020 0.0037 0.0999 0.1882 0.0093 0.0035 0.0013 0.0038 0.0049 0.3297 0.2725 0.0143 0.0039 0.0406
0.0152 0.0240 0.0171 0.0100 0.0098 0.0122 0.0088 0.0109 0.0139 0.0262 0.0403 0.0151 0.0121 0.6629 0.0213 0.0357 0.0262 0.0032 0.0168 0.0184
0.0170 0.0269 0.0281 0.2160 0.0109 0.0301 0.3910 0.0121 0.0168 0.0292 0.0449 0.0168 0.0061 0.0184 0.0237 0.0398 0.0292 0.0038 0.0187 0.0205
0.0019 0.1370 0.0084 0.0223 0.0108 0.0438 0.0012 0.0390 0.0035 0.0036 0.1856 0.0855 0.0312 0.0371 0.0024 0.1643 0.1204 0.0004 0.0603 0.0413
0.0658 0.0021 0.0731 0.0430 0.0343 0.0429 0.0307 0.0382 0.0116 0.0918 0.1413 0.0528 0.0191 0.0021 0.0019 0.1554 0.0917 0.0004 0.0287 0.0728
0.0772 0.0038 0.0902 0.0424 0.0010 0.0521 0.0445 0.0464 0.0592 0.0028 0.0063 0.0499 0.0006 0.0026 0.1077 0.1881 0.1326 0.0004 0.0040 0.0885
0.0980 0.0368 0.0061 0.0312 0.0016 0.0384 0.0689 0.0869 0.1010 0.0042 0.0619 0.0472 0.0019 0.0039 0.1629 0.0245 0.1683 0.0005 0.0527 0.0032
0.0105 0.1209 0.0041 0.0645 0.0016 0.0794 0.0568 0.0841 0.0901 0.0042 0.0065 0.0026 0.0010 0.0027 0.1377 0.2851 0.0404 0.0005 0.0027 0.0044
0.0655 0.0503 0.0737 0.0046 0.0013 0.0056 0.0294 0.0469 0.0730 0.0877 0.0096 0.0732 0.0265 0.0713 0.1128 0.0366 0.1341 0.0066 0.0725 0.0189
0.0167 0.1104 0.0383 0.0011 0.0451 0.0564 0.0404 0.0390 0.0640 0.0031 0.0047 0.0337 0.0251 0.0860 0.0761 0.0799 0.1204 0.0146 0.0602 0.0848
0.0025 0.0032 0.0924 0.0013 0.0529 0.0662 0.0012 0.0287 0.0751 0.0052 0.1694 0.0814 0.0295 0.0895 0.0029 0.1928 0.0035 0.0004 0.0023 0.0996
0.0088 0.0126 0.1619 0.0107 0.1906 0.0060 0.0830 0.0053 0.0068 0.0281 0.0234 0.0087 0.0253 0.1567 0.0103 0.0739 0.0137 0.0016 0.1593 0.0132
0.0043 0.0049 0.0033 0.0020 0.0019 0.0028 0.0518 0.0828 0.1057 0.0050 0.0077 0.1145 0.0493 0.0046 0.1256 0.1319 0.2241 0.0007 0.0622 0.0149
0.0452 0.0730 0.0481 0.0280 0.0244 0.0379 0.0261 0.0324 0.0270 0.0737 0.1240 0.0465 0.0169 0.0492 0.0530 0.1086 0.0777 0.0002 0.0512 0.0567
0.0297 0.0748 0.0817 0.0400 0.0306 0.0491 0.0171 0.0437 0.0434 0.0039 0.1617 0.0604 0.0247 0.0825 0.0021 0.1113 0.0510 0.0062 0.0025 0.0834
0.0530 0.0021 0.0016 0.0423 0.0385 0.0508 0.0011 0.0463 0.0236 0.1029 0.1092 0.0525 0.0232 0.0703 0.0835 0.1402 0.0097 0.0111 0.0586 0.0797
0.0479 0.0042 0.0668 0.0244 0.0240 0.0041 0.0341 0.0013 0.0437 0.0981 0.1510 0.0231 0.0212 0.0642 0.0796 0.1122 0.0640 0.0078 0.0630 0.0654
0.0485 0.0595 0.0424 0.0247 0.0074 0.0304 0.0315 0.0392 0.0528 0.0650 0.1449 0.0373 0.0135 0.0019 0.0764 0.1283 0.0834 0.0049 0.0417 0.0662
