0.0261 0.0995 0.1375 0.0692 0.0016 0.0781 0.0713 0.0088 0.0495 0.0061 0.0130 0.1348 0.0292 0.0028 0.0278 0.0713 0.1528 0.0005 0.0042 0.0159
0.0496 0.0996 0.0963 0.0326 0.0011 0.0372 0.0521 0.0013 0.0516 0.1440 0.1669 0.0057 0.0292 0.0020 0.0550 0.0180 0.0378 0.0052 0.0308 0.0838
0.0653 0.1434 0.0048 0.0612 0.0016 0.0795 0.0020 0.0020 0.0021 0.0072 0.2195 0.1360 0.0295 0.0028 0.0792 0.0055 0.1478 0.0006 0.0035 0.0066
0.0368 0.2005 0.1938 0.0977 0.0022 0.1101 0.1035 0.0346 0.0698 0.0079 0.0091 0.0766 0.0032 0.0040 0.0029 0.0095 0.0274 0.0008 0.0046 0.0050
0.0460 0.0809 0.0891 0.0414 0.0010 0.0331 0.0463 0.0012 0.0162 0.0896 0.1484 0.0339 0.0267 0.0237 0.0489 0.1241 0.0948 0.0007 0.0520 0.0021
0.0168 0.0336 0.0325 0.0157 0.5004 0.0179 0.0169 0.0158 0.0167 0.0486 0.0563 0.0349 0.0099 0.0245 0.0178 0.0458 0.0347 0.0048 0.0282 0.0283
0.0062 0.0123 0.1612 0.2206 0.0050 0.0066 0.2075 0.0058 0.0062 0.0178 0.0207 0.0257 0.0036 0.0090 0.2399 0.0168 0.0127 0.0017 0.0103 0.0104
0.0073 0.0146 0.0141 0.0068 0.0059 0.0078 0.0073 0.0069 0.0073 0.0212 0.3314 0.0152 0.0043 0.3908 0.0078 0.0199 0.0151 0.0794 0.0246 0.0123
0.0961 0.0053 0.1937 0.0940 0.0021 0.0056 0.0357 0.0904 0.0987 0.0076 0.0088 0.0055 0.0015 0.0038 0.0028 0.2728 0.0109 0.0008 0.0596 0.0044
0.0099 0.0196 0.0190 0.3468 0.0080 0.0210 0.3618 0.0092 0.0098 0.0284 0.0329 0.0204 0.0058 0.0143 0.0104 0.0268 0.0202 0.0028 0.0165 0.0165
0.0050 0.0101 0.0098 0.0047 0.0041 0.0054 0.0051 0.0047 0.0050 0.5570 0.0169 0.0105 0.0030 0.0074 0.0054 0.0138 0.0104 0.0014 0.0085 0.3119
0.0121 0.0242 0.0234 0.0113 0.0098 0.0129 0.0122 0.0114 0.0121 0.0351 0.0406 0.0252 0.0071 0.6476 0.0128 0.0330 0.0250 0.0034 0.0203 0.0204
0.0100 0.0201 0.7129 0.0094 0.0081 0.0107 0.0101 0.0094 0.0100 0.0290 0.0337 0.0208 0.0059 0.0146 0.0106 0.0273 0.0207 0.0028 0.0168 0.0169
0.5533 0.0303 0.0292 0.0141 0.0123 0.0162 0.0152 0.0142 0.0150 0.0437 0.0507 0.0315 0.0089 0.0220 0.0160 0.0412 0.0312 0.0043 0.0254 0.0254
0.0058 0.0116 0.0113 0.0054 0.0047 0.0062 0.0059 0.0055 0.0058 0.0168 0.0195 0.0131 0.0034 0.0085 0.0079 0.4072 0.4403 0.0017 0.0098 0.0098
0.0295 0.0845 0.0850 0.0406 0.0009 0.0412 0.0424 0.0011 0.0438 0.1115 0.0188 0.0801 0.0174 0.0430 0.0012 0.1199 0.0908 0.0004 0.0739 0.0740
0.0108 0.0216 0.0209 0.0101 0.0088 0.0115 0.0108 0.0101 0.0107 0.0312 0.0362 0.0224 0.0063 0.5768 0.0114 0.0294 0.0223 0.1124 0.0181 0.0182
0.1349 0.0074 0.2617 0.0037 0.0030 0.0039 0.0037 0.0035 0.1346 0.0107 0.0124 0.0077 0.0022 0.0054 0.0050 0.3794 0.0076 0.0010 0.0062 0.0062
0.0078 0.0157 0.0151 0.0073 0.0063 0.0084 0.0079 0.0073 0.0078 0.0226 0.0262 0.0162 0.0046 0.0114 0.0083 0.7824 0.0161 0.0022 0.0131 0.0132
0.0110 0.0221 0.0213 0.0103 0.0090 0.0118 0.0111 0.0103 0.0110 0.0319 0.0370 0.0229 0.0065 0.0161 0.0117 0.0301 0.0228 0.0031 0.0185 0.6815
0.0110 0.0221 0.0214 0.0103 0.0090 0.0118 0.0111 0.0104 0.0110 0.0320 0.0370 0.0229 0.0065 0.0165 0.0117 0.0301 0.0228 0.0031 0.6807 0.0186
0.2839 0.0311 0.0732 0.0981 0.0063 0.1120 0.1053 0.0073 0.0099 0.0224 0.0260 0.0165 0.1171 0.0113 0.0082 0.0270 0.0160 0.0022 0.0130 0.0131
0.0245 0.0492 0.0475 0.0230 0.0199 0.0262 0.0247 0.0230 0.0244 0.0711 0.0823 0.0510 0.0144 0.0367 0.0260 0.0669 0.0507 0.2559 0.0412 0.0413
0.0095 0.1497 0.1389 0.0089 0.0016 0.0767 0.0721 0.0023 0.0021 0.0057 0.0066 0.1552 0.0011 0.0028 0.0021 0.2038 0.1537 0.0006 0.0033 0.0033
0.0098 0.7202 0.0190 0.0092 0.0080 0.0105 0.0098 0.0092 0.0098 0.0284 0.0329 0.0204 0.0058 0.0143 0.0104 0.0267 0.0202 0.0028 0.0165 0.0165
0.0029 0.2224 0.0056 0.0027 0.0024 0.0031 0.0029 0.0027 0.0029 0.0410 0.0106 0.2217 0.0439 0.0042 0.0031 0.0079 0.2294 0.0008 0.0049 0.1848
0.0947 0.2081 0.0741 0.0034 0.0112 0.0061 0.1075 0.0027 0.0029 0.0400 0.0122 0.2252 0.0018 0.0041 0.0030 0.0099 0.0063 0.0008 0.0061 0.1801
0.0025 0.0051 0.0049 0.0024 0.0021 0.0027 0.0026 0.0024 0.0025 0.2708 0.3139 0.0053 0.0502 0.1421 0.0027 0.0069 0.0053 0.0277 0.1435 0.0043
0.0633 0.0669 0.1829 0.0775 0.0040 0.1010 0.0025 0.0024 0.0824 0.0071 0.0083 0.0066 0.0015 0.0037 0.0026 0.2471 0.1310 0.0007 0.0043 0.0045
0.0067 0.0134 0.4741 0.0844 0.0054 0.0071 0.0067 0.2098 0.0324 0.0193 0.0224 0.0139 0.0039 0.0097 0.0345 0.0182 0.0138 0.0019 0.0112 0.0112
0.0168 0.0336 0.0325 0.0157 0.5004 0.0179 0.0169 0.0158 0.0167 0.0486 0.0563 0.0349 0.0099 0.0245 0.0178 0.0458 0.0347 0.0048 0.0282 0.0283
0.0017 0.1235 0.0033 0.0016 0.0014 0.0243 0.0034 0.0016 0.0034 0.1861 0.0762 0.0897 0.0377 0.0821 0.0018 0.0046 0.1327 0.0175 0.1036 0.1038
0.3518 0.0192 0.0186 0.0090 0.0079 0.2638 0.0097 0.0090 0.0096 0.0278 0.0412 0.0200 0.0056 0.0140 0.0102 0.0262 0.0198 0.1044 0.0161 0.0162
0.0156 0.0313 0.0303 0.5369 0.0127 0.0167 0.0157 0.0147 0.0156 0.0452 0.0524 0.0325 0.0092 0.0228 0.0166 0.0426 0.0323 0.0044 0.0263 0.0263
0.0034 0.0068 0.0065 0.0032 0.0027 0.0036 0.0034 0.0032 0.0034 0.0196 0.4155 0.0070 0.0758 0.1805 0.0036 0.0092 0.0070 0.0321 0.2080 0.0057
0.0219 0.1087 0.1200 0.0580 0.0013 0.0654 0.0620 0.0558 0.0616 0.0047 0.0056 0.1236 0.0245 0.0024 0.0017 0.1621 0.1121 0.0005 0.0027 0.0055
0.0430 0.0110 0.0832 0.0021 0.0009 0.0459 0.0432 0.0052 0.0428 0.0441 0.1442 0.0897 0.0253 0.0629 0.0307 0.1172 0.0780 0.0123 0.0487 0.0697
0.0061 0.0123 0.0119 0.0057 0.0050 0.0066 0.0062 0.0058 0.0061 0.0866 0.7553 0.0127 0.0036 0.0179 0.0065 0.0167 0.0127 0.0017 0.0103 0.0103
0.0538 0.0436 0.0031 0.0015 0.0013 0.0650 0.0016 0.0015 0.0017 0.1782 0.2066 0.0163 0.0362 0.0024 0.0017 0.0593 0.1266 0.0009 0.0992 0.0994
0.0031 0.0124 0.2198 0.0141 0.0025 0.1260 0.1141 0.0141 0.0416 0.0090 0.0104 0.0313 0.0018 0.0045 0.0033 0.2167 0.1640 0.0009 0.0052 0.0052
0.0053 0.0105 0.0203 0.1850 0.0042 0.0056 0.0105 0.0049 0.0052 0.0151 0.0176 0.0109 0.0031 0.0076 0.0056 0.5236 0.1460 0.0015 0.0088 0.0088
0.1699 0.3550 0.0090 0.0044 0.0038 0.0051 0.1761 0.1597 0.0046 0.0134 0.0156 0.0193 0.0133 0.0068 0.0049 0.0126 0.0096 0.0013 0.0078 0.0078
0.0194 0.0967 0.0028 0.0066 0.0013 0.0589 0.0485 0.0453 0.0481 0.1072 0.1242 0.0146 0.0320 0.0539 0.0016 0.1442 0.1091 0.0020 0.0811 0.0026
0.0111 0.0222 0.0215 0.0104 0.0090 0.0119 0.0112 0.0104 0.0111 0.0321 0.0372 0.0231 0.0065 0.5938 0.0118 0.0303 0.0229 0.0810 0.0239 0.0187
0.0069 0.0138 0.0133 0.0314 0.0056 0.0993 0.0069 0.0064 0.0068 0.0199 0.0231 0.0143 0.0040 0.0100 0.0073 0.6878 0.0181 0.0020 0.0115 0.0116
0.0056 0.0113 0.0109 0.0053 0.0046 0.2015 0.0057 0.0053 0.1439 0.0176 0.0920 0.0120 0.0042 0.0082 0.0060 0.0166 0.4262 0.0016 0.0095 0.0121
0.0121 0.0242 0.0234 0.0113 0.0098 0.0129 0.0122 0.0114 0.0120 0.0350 0.0406 0.0252 0.0071 0.6474 0.0128 0.0330 0.0250 0.0037 0.0203 0.0204
0.0036 0.2751 0.1786 0.0454 0.0029 0.1286 0.0176 0.0034 0.0036 0.0104 0.0154 0.2739 0.0021 0.0052 0.0038 0.0098 0.0074 0.0010 0.0060 0.0061
0.0168 0.0336 0.0325 0.0157 0.5004 0.0179 0.0169 0.0158 0.0167 0.0486 0.0563 0.0349 0.0099 0.0245 0.0178 0.0458 0.0347 0.0048 0.0282 0.0283
0.0104 0.0208 0.0201 0.0097 0.0084 0.0111 0.0104 0.0098 0.0103 0.0301 0.0349 0.0216 0.0061 0.0738 0.0110 0.0283 0.0215 0.0030 0.6409 0.0175
0.0073 0.1975 0.3628 0.0068 0.0059 0.0078 0.0073 0.2511 0.0073 0.0211 0.0245 0.0164 0.0043 0.0106 0.0077 0.0199 0.0151 0.0021 0.0122 0.0123
0.0041 0.0082 0.0079 0.0038 0.0042 0.0044 0.0041 0.0038 0.0041 0.4337 0.0275 0.0085 0.0024 0.1993 0.0043 0.0111 0.0084 0.0012 0.0069 0.2522
0.0538 0.0041 0.1142 0.0573 0.0013 0.0034 0.0618 0.0015 0.0016 0.1781 0.0058 0.1262 0.0046 0.0023 0.0017 0.1609 0.1270 0.0005 0.0029 0.0907
0.0531 0.1079 0.0027 0.0013 0.0011 0.0576 0.0364 0.0013 0.0190 0.1556 0.1787 0.1121 0.0213 0.0783 0.0549 0.0039 0.0058 0.0153 0.0030 0.0907
0.0450 0.0942 0.0899 0.0386 0.0010 0.0502 0.0473 0.0296 0.0462 0.0174 0.1383 0.0125 0.0273 0.0601 0.0064 0.1124 0.0931 0.0047 0.0758 0.0101
0.0285 0.0054 0.1565 0.0025 0.0017 0.0853 0.0809 0.0025 0.0794 0.0063 0.0077 0.1612 0.0025 0.0031 0.0022 0.2203 0.1462 0.0006 0.0035 0.0036
0.0066 0.0133 0.0129 0.0062 0.0054 0.0071 0.0067 0.0062 0.0066 0.0193 0.8190 0.0138 0.0039 0.0097 0.0071 0.0181 0.0137 0.0019 0.0112 0.0112
0.0077 0.0154 0.5063 0.2549 0.0058 0.0153 0.0072 0.0086 0.0071 0.0206 0.0239 0.0148 0.0045 0.0104 0.0369 0.0199 0.0147 0.0020 0.0120 0.0120
0.0033 0.0068 0.0128 0.1136 0.0027 0.0908 0.1270 0.0062 0.0445 0.0096 0.0111 0.0074 0.0019 0.0048 0.0035 0.3449 0.1754 0.0009 0.0271 0.0056
0.0081 0.0083 0.0079 0.0038 0.0036 0.0047 0.0199 0.0038 0.0052 0.0150 0.4998 0.0108 0.0909 0.0288 0.0043 0.0111 0.0084 0.0012 0.2575 0.0068
0.0116 0.0246 0.0238 0.0106 0.3381 0.3116 0.0123 0.0106 0.0227 0.0328 0.0381 0.0302 0.0067 0.0165 0.0130 0.0312 0.0240 0.0032 0.0191 0.0192
0.0785 0.0061 0.0059 0.0029 0.0121 0.0033 0.0031 0.0029 0.0030 0.0178 0.0105 0.0064 0.0018 0.1636 0.0439 0.0083 0.2117 0.0331 0.1959 0.1891
0.1202 0.0127 0.0825 0.0038 0.0026 0.0068 0.0814 0.0030 0.0034 0.0092 0.0106 0.0886 0.0019 0.0046 0.0033 0.3154 0.2387 0.0009 0.0053 0.0054
0.1083 0.0059 0.2041 0.0028 0.0023 0.0039 0.0742 0.0028 0.1050 0.0083 0.0096 0.0060 0.0034 0.0045 0.0031 0.2959 0.0289 0.0008 0.1240 0.0062
0.0037 0.0075 0.0072 0.0035 0.0409 0.0040 0.0037 0.0035 0.0037 0.3964 0.1692 0.0078 0.0838 0.0054 0.0040 0.0102 0.0077 0.0011 0.0063 0.2305
0.0054 0.0108 0.0114 0.0051 0.0044 0.0058 0.0054 0.0051 0.0054 0.0315 0.0182 0.0113 0.0032 0.2028 0.0057 0.0148 0.2873 0.0208 0.3340 0.0117
0.1486 0.0081 0.0079 0.0038 0.0033 0.1591 0.1496 0.0038 0.0040 0.0117 0.0174 0.3095 0.0875 0.0059 0.0043 0.0111 0.0084 0.0423 0.0068 0.0068
0.0156 0.0313 0.0303 0.5369 0.0127 0.0167 0.0157 0.0147 0.0156 0.0452 0.0524 0.0325 0.0092 0.0228 0.0166 0.0426 0.0323 0.0044 0.0263 0.0263
0.0078 0.0157 0.0151 0.0073 0.0063 0.0084 0.0079 0.0073 0.0078 0.0226 0.0262 0.0162 0.0046 0.0114 0.0083 0.7824 0.0162 0.0022 0.0131 0.0132
0.0121 0.0242 0.0234 0.0113 0.0098 0.0129 0.0122 0.0114 0.0121 0.0351 0.0406 0.0252 0.0071 0.6476 0.0128 0.0330 0.0250 0.0034 0.0203 0.0204
0.0110 0.0221 0.0213 0.0103 0.0090 0.0118 0.0111 0.0103 0.0110 0.0319 0.0370 0.0229 0.0065 0.0161 0.0117 0.0301 0.0228 0.0031 0.0185 0.6815
0.0050 0.0101 0.0097 0.0047 0.0041 0.0054 0.0050 0.0047 0.0050 0.5334 0.0338 0.0104 0.0029 0.0073 0.0053 0.0137 0.0104 0.0014 0.0084 0.3192
0.0097 0.7161 0.0189 0.0091 0.0079 0.0104 0.0098 0.0091 0.0097 0.0282 0.0327 0.0259 0.0057 0.0142 0.0103 0.0266 0.0201 0.0028 0.0164 0.0164
0.0156 0.0313 0.0302 0.0146 0.0127 0.0167 0.0157 0.5376 0.0155 0.0452 0.0524 0.0324 0.0092 0.0227 0.0166 0.0426 0.0322 0.0044 0.0262 0.0263
0.0051 0.0094 0.0091 0.1607 0.0038 0.0676 0.0047 0.0044 0.0047 0.0135 0.0157 0.0097 0.0028 0.1752 0.0050 0.4820 0.0097 0.0013 0.0079 0.0079
0.0070 0.0141 0.0136 0.0071 0.0057 0.2882 0.2599 0.0066 0.2575 0.0204 0.0236 0.0146 0.0041 0.0103 0.0075 0.0192 0.0145 0.0020 0.0118 0.0119
0.0075 0.0151 0.0146 0.0071 0.0061 0.0081 0.0076 0.0071 0.0075 0.0219 0.3419 0.0157 0.0044 0.0110 0.0080 0.0205 0.0156 0.0021 0.0127 0.4657
0.0071 0.4116 0.0139 0.0053 0.0046 0.0065 0.0056 0.0054 0.0071 0.0163 0.0188 0.4272 0.0033 0.0082 0.0076 0.0195 0.0116 0.0016 0.0094 0.0094
0.0145 0.0291 0.0282 0.0136 0.0118 0.5708 0.0146 0.0137 0.0145 0.0421 0.0488 0.0302 0.0086 0.0212 0.0154 0.0397 0.0300 0.0041 0.0244 0.0245
0.0074 0.0150 0.0145 0.0070 0.0061 0.0080 0.0075 0.0070 0.0074 0.7934 0.0250 0.0155 0.0044 0.0109 0.0079 0.0204 0.0154 0.0021 0.0125 0.0126
0.5530 0.0302 0.0292 0.0141 0.0123 0.0165 0.0153 0.0142 0.0150 0.0437 0.0507 0.0314 0.0089 0.0220 0.0160 0.0412 0.0312 0.0043 0.0254 0.0254
0.0146 0.0293 0.0283 0.0137 0.0119 0.0156 0.0147 0.0137 0.0145 0.0423 0.0490 0.0304 0.0086 0.0213 0.5691 0.0398 0.0302 0.0041 0.0245 0.0246
0.0120 0.0247 0.0233 0.0113 0.0125 0.0129 0.0121 0.4146 0.0153 0.0349 0.0404 0.0250 0.0077 0.2372 0.0128 0.0329 0.0249 0.0034 0.0219 0.0203
0.0932 0.0238 0.0047 0.0023 0.0020 0.0958 0.0031 0.0768 0.0024 0.0071 0.0082 0.0247 0.0549 0.0036 0.0026 0.2443 0.1904 0.0007 0.0041 0.1553
0.0104 0.1646 0.1068 0.0020 0.0017 0.0029 0.0022 0.0518 0.0818 0.0062 0.0072 0.1638 0.0013 0.0031 0.0023 0.2212 0.1627 0.0006 0.0036 0.0036
0.0156 0.0313 0.0302 0.0146 0.0127 0.0167 0.0157 0.5376 0.0155 0.0452 0.0524 0.0324 0.0092 0.0227 0.0166 0.0426 0.0322 0.0044 0.0262 0.0263
0.0095 0.0191 0.0185 0.0089 0.0077 0.0102 0.0096 0.0089 0.0095 0.0276 0.0320 0.7279 0.0056 0.0139 0.0101 0.0260 0.0197 0.0027 0.0164 0.0161
0.0074 0.0150 0.0145 0.0070 0.0061 0.0080 0.0075 0.0070 0.0074 0.7934 0.0250 0.0155 0.0044 0.0109 0.0079 0.0204 0.0154 0.0021 0.0125 0.0126
0.5533 0.0303 0.0292 0.0141 0.0123 0.0161 0.0152 0.0142 0.0150 0.0437 0.0507 0.0314 0.0089 0.0220 0.0160 0.0413 0.0312 0.0043 0.0254 0.0254
0.0066 0.0267 0.3302 0.2280 0.0054 0.2378 0.0067 0.0062 0.0066 0.0192 0.0223 0.0277 0.0039 0.0097 0.0070 0.0181 0.0137 0.0019 0.0111 0.0112
0.0079 0.0158 0.0153 0.0074 0.0064 0.0084 0.0079 0.0074 0.0079 0.0229 0.0265 0.0164 0.0046 0.2959 0.0084 0.0216 0.0163 0.0022 0.4873 0.0133
0.0100 0.0201 0.7129 0.0094 0.0081 0.0107 0.0101 0.0094 0.0100 0.0290 0.0337 0.0208 0.0059 0.0146 0.0106 0.0273 0.0207 0.0028 0.0168 0.0169
0.0110 0.0221 0.0214 0.0103 0.0090 0.0118 0.0111 0.0104 0.0110 0.0320 0.0371 0.0230 0.0065 0.0161 0.0117 0.0301 0.0228 0.0031 0.6810 0.0186
0.0095 0.0207 0.0184 0.0089 0.0077 0.0102 0.0096 0.0089 0.0097 0.0276 0.0320 0.7268 0.0056 0.0139 0.0101 0.0260 0.0197 0.0027 0.0160 0.0160
0.0059 0.0119 0.0115 0.0056 0.0048 0.0064 0.0060 0.0056 0.0059 0.0840 0.7326 0.0124 0.0035 0.0087 0.0063 0.0162 0.0123 0.0017 0.0100 0.0488
0.0146 0.0293 0.0283 0.0137 0.0119 0.0156 0.0147 0.0137 0.0145 0.0423 0.0490 0.0304 0.0086 0.0213 0.5691 0.0398 0.0302 0.0041 0.0245 0.0246
0.0830 0.1120 0.1546 0.0747 0.0018 0.0023 0.0833 0.0041 0.0795 0.0081 0.2679 0.0220 0.0062 0.0032 0.0312 0.0076 0.0046 0.0006 0.0037 0.0495
0.0069 0.0139 0.5085 0.2388 0.0056 0.0074 0.0089 0.0065 0.0075 0.0201 0.0233 0.0704 0.0041 0.0101 0.0074 0.0194 0.0155 0.0020 0.0117 0.0117
0.0121 0.0242 0.0234 0.0113 0.0098 0.0129 0.0122 0.0114 0.0121 0.0351 0.0406 0.0252 0.0071 0.6476 0.0128 0.0330 0.0250 0.0034 0.0203 0.0204
0.0015 0.1090 0.0029 0.0014 0.0442 0.0017 0.0015 0.0014 0.0379 0.1641 0.1879 0.1178 0.0333 0.0826 0.0016 0.0040 0.1123 0.0004 0.0914 0.0032
0.0156 0.0313 0.0302 0.0146 0.0127 0.0167 0.0157 0.5376 0.0155 0.0452 0.0524 0.0324 0.0092 0.0227 0.0166 0.0426 0.0322 0.0044 0.0262 0.0263
0.0168 0.0336 0.0325 0.0157 0.5004 0.0179 0.0169 0.0158 0.0167 0.0486 0.0563 0.0349 0.0099 0.0245 0.0178 0.0458 0.0347 0.0048 0.0282 0.0283
0.0110 0.0221 0.0213 0.0103 0.0090 0.0118 0.0111 0.0103 0.0110 0.0319 0.0370 0.0229 0.0065 0.0161 0.0117 0.0301 0.0228 0.0031 0.0185 0.6815
0.0040 0.0081 0.0078 0.0038 0.0033 0.0043 0.0041 0.0038 0.0040 0.4295 0.0272 0.0084 0.0024 0.2251 0.0043 0.0110 0.0083 0.0056 0.2276 0.0074
0.5515 0.0302 0.0291 0.0141 0.0122 0.0161 0.0151 0.0141 0.0150 0.0436 0.0505 0.0313 0.0088 0.0219 0.0160 0.0444 0.0311 0.0043 0.0253 0.0253
0.0245 0.0492 0.0476 0.0230 0.0199 0.0263 0.0247 0.0230 0.0245 0.0711 0.0824 0.0511 0.0144 0.0358 0.0261 0.0670 0.0507 0.2562 0.0413 0.0414
0.0100 0.0201 0.7129 0.0094 0.0081 0.0107 0.0101 0.0094 0.0100 0.0290 0.0337 0.0208 0.0059 0.0146 0.0106 0.0273 0.0207 0.0028 0.0168 0.0169
0.2086 0.0125 0.0121 0.0058 0.0051 0.0067 0.0063 0.0058 0.0062 0.0181 0.0209 0.0130 0.0037 0.0091 0.0066 0.6240 0.0129 0.0018 0.0105 0.0105
0.0048 0.1291 0.3389 0.0045 0.0039 0.0051 0.0048 0.0045 0.0047 0.0138 0.0205 0.3793 0.0028 0.0069 0.0051 0.0130 0.0098 0.0014 0.0080 0.0391
0.0663 0.0476 0.1251 0.0423 0.0014 0.0019 0.0086 0.0553 0.0668 0.0051 0.0064 0.1400 0.0380 0.0347 0.0037 0.1835 0.0933 0.0005 0.0032 0.0761
0.0023 0.0046 0.0045 0.0292 0.0019 0.0333 0.0313 0.0022 0.0023 0.2545 0.2841 0.1607 0.0183 0.0036 0.0024 0.0063 0.0048 0.0013 0.0039 0.1484
0.0156 0.0313 0.0303 0.5369 0.0127 0.0167 0.0157 0.0147 0.0156 0.0452 0.0524 0.0325 0.0092 0.0228 0.0166 0.0426 0.0323 0.0044 0.0263 0.0263
0.0078 0.0157 0.0151 0.0073 0.0063 0.0084 0.0079 0.0073 0.0078 0.0226 0.0262 0.0162 0.0046 0.0114 0.0083 0.7824 0.0161 0.0022 0.0131 0.0132
0.1619 0.0124 0.0094 0.0045 0.0039 0.1954 0.0053 0.0045 0.0097 0.0140 0.0163 0.3692 0.0139 0.0071 0.0051 0.0133 0.1350 0.0028 0.0083 0.0082
0.0098 0.1353 0.0050 0.0019 0.0016 0.0105 0.0020 0.0019 0.0515 0.1956 0.0914 0.1596 0.0012 0.0029 0.0817 0.0055 0.1069 0.0077 0.0034 0.1245
0.0110 0.0221 0.0214 0.0103 0.0090 0.0118 0.0111 0.0104 0.0110 0.0320 0.0371 0.0230 0.0065 0.0162 0.0117 0.0301 0.0228 0.0031 0.6809 0.0186
0.0393 0.0785 0.0753 0.0010 0.0011 0.0421 0.0394 0.0368 0.0376 0.1093 0.1267 0.0818 0.0231 0.0503 0.0011 0.1072 0.0812 0.0004 0.0019 0.0660
0.0045 0.0090 0.0087 0.0042 0.0036 0.0048 0.0045 0.0042 0.0048 0.0130 0.0150 0.3567 0.0053 0.2501 0.0048 0.0122 0.0093 0.0013 0.2765 0.0076
0.0098 0.7202 0.0190 0.0092 0.0080 0.0105 0.0098 0.0092 0.0098 0.0284 0.0329 0.0204 0.0058 0.0143 0.0104 0.0267 0.0202 0.0028 0.0165 0.0165
0.0037 0.0075 0.0073 0.0035 0.0030 0.0040 0.0038 0.0035 0.0037 0.3643 0.4622 0.0078 0.0844 0.0055 0.0040 0.0102 0.0077 0.0011 0.0063 0.0063
0.0121 0.0242 0.0234 0.0113 0.0098 0.0129 0.0122 0.0114 0.0121 0.0351 0.0406 0.0252 0.0071 0.6476 0.0128 0.0330 0.0250 0.0034 0.0203 0.0204
0.0098 0.7202 0.0190 0.0092 0.0080 0.0105 0.0098 0.0092 0.0098 0.0284 0.0329 0.0204 0.0058 0.0143 0.0104 0.0267 0.0202 0.0028 0.0165 0.0165
0.0704 0.1413 0.0041 0.0754 0.0017 0.0826 0.0809 0.0021 0.0769 0.0061 0.0071 0.1606 0.0060 0.0031 0.0854 0.0280 0.1595 0.0006 0.0036 0.0045
0.0221 0.1102 0.1214 0.0580 0.0013 0.0237 0.0623 0.0589 0.0420 0.0048 0.0055 0.0877 0.0010 0.0024 0.0017 0.1643 0.1280 0.0005 0.0028 0.1014
0.0641 0.1287 0.1194 0.0020 0.0015 0.0684 0.0228 0.0016 0.0637 0.1853 0.0113 0.1336 0.0048 0.0025 0.0598 0.0047 0.0035 0.0005 0.0138 0.1082
0.0040 0.0080 0.0077 0.0037 0.0032 0.0043 0.0040 0.0037 0.0040 0.3866 0.4905 0.0083 0.0023 0.0058 0.0042 0.0109 0.0082 0.0011 0.0067 0.0327
0.0063 0.0235 0.0116 0.0056 0.0048 0.1606 0.1970 0.0070 0.0058 0.0169 0.0212 0.4461 0.0167 0.0086 0.0062 0.0161 0.0242 0.0017 0.0101 0.0101
0.0158 0.0292 0.0282 0.0137 0.0118 0.0156 0.0147 0.0137 0.0145 0.0422 0.0489 0.0303 0.0086 0.0213 0.5684 0.0398 0.0301 0.0041 0.0245 0.0246
0.0089 0.0178 0.0172 0.0083 0.0072 0.0095 0.0089 0.2142 0.0096 0.0257 0.0298 0.0185 0.0067 0.4753 0.0094 0.0242 0.0183 0.0025 0.0728 0.0150
0.0107 0.0216 0.0209 0.0101 0.0087 0.2958 0.3973 0.0101 0.0107 0.0312 0.0361 0.0224 0.0063 0.0157 0.0114 0.0294 0.0222 0.0031 0.0181 0.0181
0.0078 0.5737 0.0151 0.0073 0.0063 0.0086 0.0078 0.0073 0.0078 0.0226 0.0262 0.2194 0.0046 0.0114 0.0083 0.0213 0.0161 0.0022 0.0131 0.0131
0.0156 0.0313 0.0303 0.5369 0.0127 0.0167 0.0157 0.0147 0.0156 0.0452 0.0524 0.0325 0.0092 0.0228 0.0166 0.0426 0.0323 0.0044 0.0263 0.0263
0.0039 0.0079 0.1034 0.0038 0.0032 0.1550 0.0040 0.0037 0.0039 0.4198 0.0646 0.0105 0.0888 0.0058 0.0042 0.0117 0.0082 0.0011 0.0066 0.0899
0.0059 0.0092 0.0091 0.0581 0.0037 0.0050 0.0046 0.0086 0.0046 0.0133 0.0154 0.0095 0.0027 0.0067 0.0049 0.4596 0.3623 0.0013 0.0077 0.0077
0.0129 0.0718 0.1319 0.0027 0.0023 0.1083 0.1007 0.0025 0.0034 0.0077 0.0090 0.1416 0.0017 0.0039 0.0028 0.1858 0.2009 0.0008 0.0048 0.0045
0.0027 0.1902 0.0049 0.0023 0.0020 0.1014 0.0915 0.0030 0.0025 0.0072 0.0083 0.1974 0.0015 0.0036 0.0026 0.1739 0.1960 0.0007 0.0042 0.0042
0.0086 0.0174 0.0168 0.0081 0.0070 0.0093 0.0087 0.2984 0.0086 0.0251 0.0291 0.4629 0.0051 0.0126 0.0092 0.0236 0.0179 0.0025 0.0146 0.0146
0.0100 0.0201 0.7129 0.0094 0.0081 0.0107 0.0101 0.0094 0.0100 0.0290 0.0337 0.0208 0.0059 0.0146 0.0106 0.0273 0.0207 0.0028 0.0168 0.0169
0.0168 0.0336 0.0325 0.0157 0.5004 0.0179 0.0169 0.0158 0.0167 0.0486 0.0563 0.0349 0.0099 0.0245 0.0178 0.0458 0.0347 0.0048 0.0282 0.0283
0.0110 0.0221 0.0214 0.0103 0.0090 0.0118 0.0111 0.0104 0.0110 0.0320 0.0371 0.0230 0.0065 0.0161 0.0117 0.0301 0.0228 0.0031 0.6810 0.0186
0.0699 0.1386 0.1352 0.0018 0.0015 0.0503 0.0018 0.0018 0.0037 0.0053 0.0062 0.1457 0.0146 0.0980 0.0020 0.1834 0.0184 0.0010 0.1178 0.0032
0.0146 0.0293 0.0283 0.0137 0.0119 0.0156 0.0147 0.0137 0.0145 0.0423 0.0490 0.0304 0.0086 0.0213 0.5691 0.0398 0.0302 0.0041 0.0245 0.0246
0.0039 0.0078 0.0075 0.0036 0.0031 0.0041 0.0039 0.0036 0.0039 0.4287 0.4771 0.0081 0.0023 0.0056 0.0041 0.0106 0.0080 0.0011 0.0065 0.0065
0.0650 0.0034 0.0033 0.0016 0.0187 0.0668 0.0017 0.0604 0.0568 0.0051 0.2187 0.1355 0.0383 0.0950 0.0018 0.0046 0.0036 0.0005 0.1095 0.1097
0.0694 0.1395 0.0906 0.0017 0.0015 0.0652 0.0020 0.0017 0.0693 0.0053 0.0061 0.1448 0.0145 0.0027 0.0709 0.1822 0.1260 0.0005 0.0031 0.0031
0.0110 0.0221 0.0214 0.0103 0.0090 0.0118 0.0111 0.0104 0.0110 0.0320 0.0371 0.0230 0.0065 0.0161 0.0117 0.0301 0.0228 0.0031 0.6810 0.0186
0.0156 0.0313 0.0302 0.0146 0.0127 0.0167 0.0157 0.5376 0.0155 0.0452 0.0524 0.0324 0.0092 0.0227 0.0166 0.0426 0.0322 0.0044 0.0262 0.0263
0.0121 0.0242 0.0234 0.0113 0.0098 0.0129 0.0122 0.0114 0.0121 0.0351 0.0406 0.0252 0.0071 0.6476 0.0128 0.0330 0.0250 0.0034 0.0203 0.0204
0.0085 0.0109 0.0082 0.0040 0.0035 0.1670 0.0043 0.0040 0.1622 0.0123 0.0143 0.0088 0.0025 0.2374 0.0045 0.0116 0.0088 0.0463 0.2737 0.0072
0.0146 0.0293 0.0283 0.0137 0.0119 0.0156 0.0147 0.0137 0.0145 0.0423 0.0490 0.0304 0.0086 0.0213 0.5691 0.0398 0.0302 0.0041 0.0245 0.0246
0.0096 0.0192 0.0186 0.0090 0.0078 0.0102 0.0096 0.0090 0.0095 0.0278 0.0322 0.0199 0.0056 0.0140 0.0102 0.0261 0.7267 0.0027 0.0161 0.0161
0.0030 0.0047 0.1676 0.0022 0.0019 0.0032 0.0024 0.0022 0.0862 0.0070 0.0079 0.0049 0.0509 0.1315 0.0025 0.0064 0.1863 0.0256 0.1516 0.1519
0.0156 0.0313 0.0302 0.0146 0.0127 0.0167 0.0157 0.5376 0.0155 0.0452 0.0524 0.0324 0.0092 0.0227 0.0166 0.0426 0.0322 0.0044 0.0262 0.0263
0.0020 0.1193 0.0031 0.0016 0.0016 0.0565 0.0016 0.0015 0.0017 0.1747 0.2023 0.1255 0.0355 0.0771 0.0017 0.0043 0.0033 0.0005 0.0888 0.0975
0.0156 0.0313 0.0302 0.0146 0.0127 0.0167 0.0157 0.5376 0.0155 0.0452 0.0524 0.0324 0.0092 0.0227 0.0166 0.0426 0.0322 0.0044 0.0262 0.0263
0.0099 0.0198 0.0191 0.0093 0.0080 0.0106 0.0099 0.0093 0.0098 0.0286 0.0332 0.0206 0.0058 0.0144 0.0105 0.0270 0.0204 0.1075 0.6097 0.0166
0.0145 0.0291 0.0282 0.0136 0.0118 0.5708 0.0146 0.0137 0.0145 0.0421 0.0488 0.0302 0.0086 0.0212 0.0154 0.0397 0.0300 0.0041 0.0244 0.0245
0.0146 0.0293 0.0283 0.0137 0.0119 0.0156 0.0147 0.0137 0.0145 0.0423 0.0490 0.0304 0.0086 0.0213 0.5691 0.0398 0.0302 0.0041 0.0245 0.0246
0.0055 0.0110 0.0107 0.0052 0.0045 0.0059 0.0055 0.0052 0.2096 0.0159 0.0185 0.0114 0.0032 0.3056 0.0058 0.0150 0.0114 0.0016 0.3393 0.0093
0.0098 0.7202 0.0190 0.0092 0.0080 0.0105 0.0098 0.0092 0.0098 0.0284 0.0329 0.0204 0.0058 0.0143 0.0104 0.0267 0.0202 0.0028 0.0165 0.0165
0.0110 0.0221 0.0213 0.0103 0.0090 0.0118 0.0111 0.0103 0.0110 0.0319 0.0370 0.0229 0.0065 0.0161 0.0117 0.0301 0.0228 0.0031 0.0185 0.6815
0.0110 0.0221 0.0213 0.0103 0.0090 0.0118 0.0111 0.0103 0.0110 0.0319 0.0370 0.0229 0.0065 0.0161 0.0117 0.0301 0.0228 0.0031 0.0185 0.6815
0.0110 0.0221 0.0213 0.0103 0.0090 0.0118 0.0111 0.0103 0.0110 0.0319 0.0370 0.0229 0.0065 0.0161 0.0117 0.0301 0.0228 0.0031 0.0185 0.6815
0.0066 0.0133 0.0129 0.0062 0.0054 0.0071 0.0067 0.0062 0.0066 0.0193 0.8190 0.0138 0.0039 0.0097 0.0071 0.0181 0.0137 0.0019 0.0112 0.0112
0.0028 0.0056 0.0069 0.0026 0.0023 0.0030 0.0028 0.0033 0.0929 0.2701 0.0093 0.0058 0.0016 0.0041 0.0030 0.2786 0.2170 0.0203 0.0047 0.0634
0.0120 0.0241 0.0233 0.0113 0.0098 0.0128 0.0121 0.0113 0.0120 0.0348 0.0403 0.0250 0.0142 0.6430 0.0128 0.0328 0.0248 0.0034 0.0202 0.0202
0.0109 0.0220 0.0272 0.2637 0.0089 0.0235 0.4044 0.0103 0.0112 0.0317 0.0368 0.0228 0.0064 0.0160 0.0116 0.0299 0.0226 0.0032 0.0184 0.0185
0.0014 0.1043 0.0128 0.0327 0.0149 0.0487 0.0015 0.0428 0.0027 0.0043 0.1676 0.1082 0.0306 0.0509 0.0014 0.1362 0.1031 0.0004 0.0766 0.0589
0.0414 0.0022 0.0803 0.0389 0.0323 0.0426 0.0400 0.0374 0.0146 0.1154 0.1337 0.0828 0.0234 0.0020 0.0012 0.1133 0.0822 0.0004 0.0468 0.0690
0.0569 0.0038 0.1108 0.0514 0.0012 0.0587 0.0573 0.0515 0.0547 0.0043 0.0064 0.1043 0.0009 0.0028 0.0605 0.1561 0.1177 0.0005 0.0050 0.0952
0.0716 0.0530 0.0076 0.0470 0.0016 0.0537 0.0751 0.0702 0.0736 0.0057 0.0887 0.1045 0.0023 0.0036 0.0791 0.0260 0.1482 0.0006 0.0844 0.0034
0.0110 0.1513 0.0056 0.0774 0.0018 0.0884 0.0831 0.0806 0.0823 0.0065 0.0076 0.0048 0.0014 0.0033 0.0878 0.2350 0.0629 0.0006 0.0038 0.0049
0.0468 0.0658 0.0909 0.0058 0.0011 0.0067 0.0431 0.0440 0.0487 0.1241 0.0086 0.1004 0.0284 0.0684 0.0519 0.0472 0.1006 0.0093 0.0789 0.0291
0.0178 0.0970 0.0656 0.0012 0.0393 0.0518 0.0487 0.0415 0.0482 0.0038 0.0044 0.0705 0.0285 0.0726 0.0469 0.0924 0.1000 0.0138 0.0743 0.0815
0.0017 0.0031 0.1110 0.0015 0.0465 0.0613 0.0016 0.0377 0.0571 0.0058 0.1757 0.1192 0.0337 0.0835 0.0017 0.1563 0.0032 0.0004 0.0026 0.0965
0.0046 0.0088 0.2140 0.0081 0.1282 0.0046 0.1110 0.0040 0.0043 0.0250 0.0156 0.0097 0.0342 0.1610 0.0046 0.0572 0.0091 0.0012 0.1856 0.0093
0.0028 0.0045 0.0043 0.0021 0.0018 0.0025 0.0740 0.0757 0.0803 0.0064 0.0074 0.1677 0.0492 0.0041 0.0782 0.1540 0.1714 0.0006 0.0949 0.0180
0.0332 0.0667 0.0638 0.0308 0.0260 0.0356 0.0334 0.0312 0.0291 0.0953 0.1119 0.0693 0.0196 0.0484 0.0340 0.0908 0.0686 0.0002 0.0560 0.0561
0.0298 0.0780 0.0857 0.0399 0.0316 0.0456 0.0300 0.0400 0.0388 0.0043 0.1431 0.0886 0.0258 0.0648 0.0012 0.1062 0.0616 0.0085 0.0025 0.0739
0.0418 0.0023 0.0023 0.0408 0.0350 0.0465 0.0015 0.0409 0.0292 0.1248 0.1283 0.0870 0.0256 0.0635 0.0457 0.1175 0.0115 0.0119 0.0703 0.0735
0.0377 0.0041 0.0763 0.0323 0.0280 0.0054 0.0396 0.0012 0.0376 0.1136 0.1316 0.0550 0.0231 0.0574 0.0416 0.1030 0.0712 0.0098 0.0659 0.0655
0.0359 0.0659 0.0637 0.0308 0.0108 0.0351 0.0372 0.0348 0.0372 0.0952 0.1243 0.0684 0.0193 0.0018 0.0393 0.1011 0.0743 0.0072 0.0552 0.0624
