"A","R","N","D","C","Q","E","G","H","I","L","K","M","F","P","S","T","W","Y","V"
0.033,0.155,0.066,0.007,0.003,0.103,0.071,0.025,0.018,0.012,0.008,0.347,0.006,0.001,0.021,0.042,0.071,0.002,0.003,0.007
0.014,0.003,0.003,0.001,0.000,0.001,0.001,0.001,0.001,0.666,0.116,0.010,0.054,0.027,0.002,0.004,0.024,0.000,0.000,0.071
0.007,0.001,0.001,0.001,0.000,0.000,0.001,0.000,0.000,0.569,0.108,0.001,0.078,0.014,0.001,0.003,0.007,0.000,0.000,0.210
0.023,0.002,0.001,0.001,0.000,0.000,0.003,0.001,0.000,0.253,0.079,0.003,0.072,0.012,0.000,0.001,0.016,0.000,0.000,0.533
0.004,0.002,0.002,0.000,0.001,0.001,0.001,0.001,0.000,0.354,0.363,0.002,0.039,0.106,0.002,0.009,0.008,0.000,0.001,0.105
0.033,0.015,0.028,0.003,0.001,0.006,0.004,0.016,0.002,0.184,0.172,0.013,0.069,0.012,0.060,0.022,0.192,0.001,0.001,0.166
0.061,0.007,0.004,0.005,0.011,0.002,0.002,0.010,0.004,0.177,0.210,0.006,0.027,0.189,0.004,0.100,0.046,0.001,0.017,0.117
0.010,0.002,0.002,0.000,0.000,0.003,0.002,0.002,0.002,0.141,0.559,0.001,0.029,0.050,0.004,0.011,0.010,0.001,0.000,0.171
0.002,0.003,0.000,0.000,0.001,0.001,0.000,0.001,0.001,0.101,0.713,0.000,0.011,0.094,0.003,0.010,0.002,0.001,0.000,0.055
0.044,0.079,0.030,0.009,0.026,0.010,0.027,0.017,0.015,0.143,0.036,0.016,0.016,0.032,0.007,0.257,0.066,0.005,0.019,0.143
0.556,0.017,0.032,0.011,0.007,0.005,0.033,0.023,0.003,0.015,0.015,0.012,0.007,0.004,0.015,0.082,0.127,0.002,0.004,0.030
0.074,0.015,0.028,0.071,0.002,0.006,0.126,0.074,0.004,0.121,0.004,0.078,0.017,0.002,0.011,0.049,0.132,0.001,0.002,0.182
0.023,0.140,0.054,0.196,0.003,0.017,0.111,0.034,0.044,0.009,0.004,0.282,0.007,0.001,0.001,0.035,0.015,0.002,0.013,0.009
0.169,0.019,0.035,0.091,0.003,0.001,0.031,0.334,0.002,0.004,0.001,0.013,0.001,0.000,0.005,0.241,0.037,0.001,0.001,0.011
0.070,0.000,0.013,0.888,0.000,0.000,0.008,0.009,0.005,0.000,0.000,0.000,0.000,0.000,0.001,0.002,0.001,0.000,0.000,0.002
0.005,0.033,0.023,0.005,0.000,0.007,0.209,0.002,0.001,0.036,0.002,0.567,0.017,0.000,0.000,0.003,0.071,0.000,0.000,0.019
0.000,0.000,0.000,0.000,0.000,0.000,0.000,0.000,0.000,0.948,0.021,0.000,0.010,0.001,0.000,0.000,0.001,0.000,0.000,0.018
0.000,0.000,0.000,0.000,0.998,0.000,0.000,0.000,0.000,0.000,0.000,0.000,0.000,0.000,0.000,0.000,0.000,0.000,0.002,0.000
0.000,0.000,0.000,0.000,0.000,0.000,0.000,0.000,0.000,0.012,0.977,0.000,0.001,0.004,0.001,0.000,0.000,0.000,0.000,0.004
0.000,0.000,0.000,0.000,0.000,0.000,0.001,0.998,0.000,0.000,0.000,0.000,0.000,0.000,0.000,0.000,0.000,0.000,0.000,0.000
0.000,0.000,0.000,0.000,0.000,0.000,0.000,0.000,0.997,0.000,0.000,0.000,0.000,0.000,0.000,0.000,0.000,0.000,0.003,0.000
0.000,0.000,0.000,0.000,0.000,0.007,0.000,0.000,0.991,0.000,0.000,0.000,0.000,0.000,0.000,0.000,0.000,0.000,0.001,0.000
0.953,0.000,0.000,0.001,0.000,0.000,0.002,0.002,0.000,0.000,0.000,0.000,0.000,0.000,0.002,0.011,0.026,0.000,0.000,0.003
0.013,0.000,0.000,0.001,0.000,0.000,0.001,0.001,0.000,0.028,0.001,0.000,0.007,0.000,0.000,0.000,0.001,0.000,0.000,0.948
0.511,0.011,0.017,0.013,0.001,0.016,0.017,0.011,0.006,0.007,0.013,0.011,0.002,0.001,0.217,0.044,0.088,0.000,0.001,0.012
0.000,0.000,0.990,0.001,0.000,0.000,0.000,0.000,0.000,0.000,0.000,0.000,0.000,0.000,0.000,0.009,0.000,0.000,0.000,0.000
0.006,0.017,0.000,0.008,0.000,0.000,0.020,0.934,0.000,0.000,0.000,0.001,0.000,0.000,0.000,0.011,0.000,0.000,0.000,0.003
0.056,0.002,0.006,0.001,0.000,0.000,0.003,0.000,0.000,0.007,0.000,0.021,0.002,0.000,0.003,0.004,0.893,0.000,0.000,0.002
0.001,0.065,0.019,0.001,0.001,0.021,0.006,0.002,0.004,0.369,0.179,0.049,0.165,0.012,0.003,0.016,0.015,0.001,0.001,0.068
0.000,0.000,0.000,0.000,0.000,0.000,0.000,0.000,0.000,0.003,0.000,0.000,0.000,0.000,0.000,0.000,0.000,0.000,0.000,0.996
0.000,0.003,0.160,0.004,0.000,0.001,0.026,0.000,0.000,0.000,0.000,0.804,0.000,0.000,0.000,0.000,0.001,0.000,0.000,0.000
0.002,0.000,0.000,0.000,0.000,0.000,0.000,0.000,0.000,0.000,0.000,0.000,0.000,0.000,0.000,0.000,0.997,0.000,0.000,0.000
0.000,0.000,0.000,0.000,0.000,0.000,0.000,0.000,0.000,0.002,0.992,0.000,0.000,0.003,0.001,0.000,0.000,0.000,0.000,0.000
0.010,0.000,0.001,0.000,0.000,0.000,0.000,0.000,0.000,0.032,0.000,0.001,0.005,0.000,0.001,0.001,0.949,0.000,0.000,0.000
0.001,0.000,0.025,0.876,0.000,0.000,0.083,0.009,0.000,0.000,0.000,0.005,0.000,0.000,0.000,0.000,0.000,0.000,0.000,0.000
0.004,0.003,0.113,0.748,0.000,0.000,0.052,0.053,0.006,0.000,0.000,0.011,0.000,0.000,0.000,0.004,0.001,0.000,0.002,0.001
0.003,0.132,0.025,0.005,0.001,0.488,0.063,0.032,0.049,0.002,0.006,0.154,0.001,0.000,0.015,0.013,0.005,0.001,0.002,0.001
0.011,0.001,0.002,0.002,0.000,0.000,0.012,0.006,0.000,0.235,0.006,0.005,0.015,0.001,0.000,0.001,0.006,0.000,0.000,0.695
0.005,0.000,0.000,0.002,0.000,0.001,0.977,0.002,0.000,0.000,0.000,0.012,0.000,0.000,0.000,0.000,0.000,0.000,0.000,0.000
0.000,0.000,0.000,0.000,0.000,0.000,0.000,0.000,0.000,0.001,0.000,0.000,0.000,0.000,0.000,0.000,0.000,0.000,0.000,0.999
0.063,0.002,0.003,0.005,0.000,0.000,0.005,0.004,0.000,0.258,0.017,0.007,0.054,0.004,0.001,0.005,0.166,0.000,0.000,0.403
0.001,0.001,0.898,0.021,0.000,0.000,0.001,0.001,0.005,0.001,0.000,0.012,0.000,0.000,0.001,0.037,0.019,0.000,0.003,0.000
0.990,0.000,0.000,0.000,0.000,0.000,0.000,0.000,0.000,0.000,0.000,0.000,0.000,0.000,0.000,0.000,0.008,0.000,0.000,0.001
0.091,0.024,0.007,0.003,0.000,0.009,0.008,0.004,0.001,0.060,0.005,0.124,0.011,0.001,0.007,0.012,0.611,0.000,0.000,0.021
0.000,0.000,0.000,0.000,0.000,0.000,0.998,0.001,0.000,0.000,0.000,0.001,0.000,0.000,0.000,0.000,0.000,0.000,0.000,0.000
0.005,0.007,0.001,0.000,0.000,0.003,0.000,0.000,0.001,0.154,0.554,0.002,0.039,0.011,0.129,0.022,0.056,0.000,0.000,0.015
0.001,0.000,0.000,0.000,0.000,0.000,0.000,0.000,0.000,0.002,0.000,0.000,0.001,0.000,0.000,0.000,0.000,0.000,0.000,0.996
0.001,0.000,0.000,0.004,0.000,0.010,0.964,0.003,0.000,0.000,0.000,0.018,0.000,0.000,0.000,0.000,0.000,0.000,0.000,0.000
0.025,0.023,0.035,0.005,0.001,0.001,0.003,0.015,0.002,0.004,0.004,0.007,0.001,0.001,0.004,0.731,0.132,0.001,0.003,0.002
0.110,0.066,0.100,0.014,0.001,0.027,0.088,0.040,0.014,0.021,0.006,0.113,0.010,0.001,0.001,0.104,0.262,0.001,0.005,0.015
0.003,0.057,0.285,0.027,0.007,0.014,0.004,0.010,0.198,0.003,0.004,0.015,0.001,0.002,0.016,0.251,0.012,0.002,0.090,0.001
0.030,0.009,0.013,0.001,0.000,0.007,0.005,0.005,0.002,0.248,0.130,0.016,0.122,0.021,0.031,0.023,0.217,0.001,0.000,0.119
0.056,0.059,0.089,0.052,0.004,0.030,0.094,0.279,0.051,0.008,0.002,0.056,0.002,0.002,0.011,0.143,0.044,0.002,0.013,0.003
0.004,0.357,0.011,0.008,0.001,0.025,0.035,0.125,0.005,0.002,0.001,0.395,0.005,0.000,0.001,0.012,0.010,0.001,0.000,0.002
0.000,0.000,0.000,0.000,0.000,0.000,0.000,0.000,0.000,0.496,0.365,0.000,0.011,0.103,0.000,0.001,0.001,0.000,0.000,0.022
0.000,0.000,0.000,0.000,0.997,0.000,0.000,0.000,0.000,0.000,0.000,0.000,0.000,0.000,0.000,0.000,0.000,0.000,0.002,0.000
0.027,0.290,0.095,0.007,0.001,0.044,0.014,0.004,0.038,0.003,0.010,0.265,0.006,0.001,0.003,0.094,0.091,0.002,0.006,0.001
0.020,0.042,0.097,0.009,0.001,0.003,0.005,0.024,0.007,0.002,0.005,0.016,0.001,0.002,0.025,0.695,0.038,0.001,0.006,0.001
0.017,0.007,0.006,0.002,0.002,0.011,0.001,0.002,0.038,0.002,0.014,0.002,0.000,0.002,0.839,0.033,0.014,0.000,0.006,0.001
0.019,0.102,0.068,0.019,0.005,0.050,0.031,0.015,0.050,0.116,0.167,0.108,0.018,0.007,0.032,0.033,0.089,0.003,0.013,0.057
0.012,0.119,0.080,0.368,0.003,0.014,0.098,0.136,0.043,0.003,0.002,0.044,0.001,0.000,0.002,0.040,0.009,0.001,0.018,0.005
0.000,0.001,0.000,0.000,0.000,0.000,0.000,0.000,0.000,0.024,0.951,0.000,0.005,0.008,0.001,0.002,0.000,0.000,0.000,0.007
0.007,0.165,0.009,0.032,0.001,0.014,0.069,0.622,0.007,0.000,0.001,0.038,0.001,0.000,0.001,0.025,0.003,0.001,0.001,0.001
0.000,0.000,0.197,0.734,0.000,0.001,0.008,0.002,0.052,0.000,0.000,0.002,0.000,0.000,0.000,0.000,0.000,0.000,0.003,0.000
0.000,0.000,0.000,0.000,0.997,0.000,0.000,0.000,0.000,0.000,0.000,0.000,0.000,0.000,0.000,0.000,0.000,0.000,0.003,0.000
0.035,0.040,0.226,0.223,0.005,0.010,0.040,0.177,0.039,0.002,0.002,0.024,0.001,0.001,0.003,0.114,0.044,0.001,0.010,0.003
0.001,0.002,0.000,0.000,0.000,0.003,0.000,0.000,0.002,0.029,0.815,0.000,0.003,0.047,0.079,0.003,0.003,0.000,0.000,0.011
0.001,0.002,0.002,0.000,0.000,0.000,0.001,0.001,0.000,0.816,0.025,0.009,0.027,0.001,0.000,0.002,0.005,0.000,0.000,0.107
0.002,0.006,0.011,0.156,0.001,0.000,0.023,0.777,0.001,0.000,0.000,0.003,0.000,0.000,0.000,0.019,0.000,0.000,0.000,0.001
0.145,0.156,0.010,0.011,0.006,0.002,0.022,0.191,0.001,0.035,0.018,0.028,0.034,0.002,0.011,0.077,0.181,0.010,0.001,0.058
0.024,0.000,0.000,0.000,0.000,0.000,0.001,0.000,0.000,0.433,0.008,0.001,0.082,0.000,0.001,0.001,0.036,0.000,0.000,0.412
0.002,0.005,0.002,0.000,0.000,0.001,0.000,0.000,0.000,0.335,0.558,0.001,0.021,0.020,0.009,0.004,0.009,0.000,0.000,0.030
0.000,0.001,0.000,0.000,0.000,0.000,0.001,0.997,0.000,0.000,0.000,0.000,0.000,0.000,0.000,0.000,0.000,0.000,0.000,0.000
0.040,0.009,0.178,0.013,0.000,0.001,0.002,0.008,0.006,0.004,0.002,0.007,0.000,0.000,0.078,0.446,0.201,0.000,0.001,0.001
0.000,0.000,0.000,0.000,0.000,0.000,0.000,0.000,0.000,0.000,0.000,0.000,0.000,0.000,0.999,0.000,0.000,0.000,0.000,0.000
0.060,0.224,0.022,0.026,0.001,0.176,0.137,0.135,0.034,0.007,0.010,0.067,0.006,0.001,0.016,0.029,0.034,0.002,0.002,0.012
0.000,0.000,0.000,0.000,0.993,0.000,0.000,0.000,0.000,0.000,0.000,0.000,0.000,0.000,0.000,0.000,0.000,0.001,0.006,0.000
0.000,0.000,0.010,0.975,0.000,0.000,0.010,0.003,0.000,0.000,0.000,0.000,0.000,0.000,0.000,0.000,0.000,0.000,0.001,0.000
0.008,0.075,0.026,0.022,0.002,0.211,0.022,0.013,0.190,0.030,0.209,0.018,0.007,0.015,0.050,0.041,0.013,0.003,0.030,0.016
0.000,0.001,0.001,0.000,0.003,0.004,0.000,0.000,0.012,0.013,0.568,0.000,0.003,0.347,0.002,0.012,0.001,0.001,0.027,0.003
0.006,0.055,0.016,0.006,0.000,0.094,0.011,0.011,0.065,0.053,0.430,0.028,0.015,0.027,0.099,0.035,0.018,0.004,0.010,0.020
0.060,0.009,0.028,0.363,0.000,0.001,0.253,0.238,0.001,0.001,0.000,0.025,0.000,0.000,0.000,0.008,0.007,0.000,0.001,0.006
0.119,0.071,0.013,0.020,0.003,0.010,0.215,0.274,0.002,0.010,0.007,0.035,0.003,0.005,0.007,0.110,0.043,0.001,0.002,0.050
0.084,0.022,0.060,0.033,0.000,0.009,0.052,0.035,0.005,0.031,0.004,0.058,0.011,0.001,0.030,0.117,0.428,0.001,0.004,0.013
0.000,0.001,0.000,0.000,0.005,0.000,0.000,0.001,0.000,0.000,0.000,0.000,0.000,0.000,0.000,0.000,0.000,0.992,0.000,0.000
0.000,0.000,0.025,0.970,0.000,0.000,0.001,0.003,0.000,0.000,0.000,0.000,0.000,0.000,0.000,0.000,0.000,0.000,0.001,0.000
0.025,0.011,0.012,0.008,0.001,0.005,0.004,0.008,0.007,0.145,0.374,0.007,0.039,0.086,0.032,0.040,0.039,0.001,0.003,0.151
0.000,0.000,0.000,0.000,0.000,0.000,0.000,0.000,0.000,0.152,0.427,0.000,0.001,0.399,0.000,0.002,0.000,0.000,0.000,0.017
0.001,0.000,0.000,0.000,0.000,0.000,0.000,0.000,0.000,0.863,0.004,0.000,0.008,0.001,0.000,0.000,0.002,0.000,0.000,0.120
0.000,0.000,0.000,0.001,0.000,0.000,0.997,0.001,0.000,0.000,0.000,0.001,0.000,0.000,0.000,0.000,0.000,0.000,0.000,0.000
0.000,0.976,0.000,0.000,0.000,0.003,0.000,0.002,0.001,0.000,0.000,0.016,0.000,0.000,0.000,0.001,0.000,0.000,0.000,0.000
0.036,0.084,0.020,0.010,0.000,0.088,0.018,0.036,0.042,0.006,0.021,0.026,0.002,0.001,0.447,0.111,0.041,0.002,0.004,0.005
0.056,0.026,0.412,0.114,0.002,0.005,0.033,0.038,0.006,0.015,0.002,0.066,0.002,0.001,0.003,0.104,0.104,0.000,0.006,0.005
0.988,0.000,0.000,0.000,0.000,0.000,0.002,0.003,0.000,0.000,0.000,0.000,0.000,0.000,0.000,0.001,0.005,0.000,0.000,0.002
0.029,0.007,0.017,0.006,0.002,0.003,0.008,0.005,0.003,0.431,0.089,0.007,0.036,0.026,0.018,0.022,0.096,0.000,0.002,0.192
0.025,0.000,0.188,0.745,0.000,0.000,0.007,0.011,0.002,0.000,0.000,0.002,0.000,0.000,0.000,0.012,0.005,0.000,0.002,0.001
0.109,0.027,0.127,0.066,0.014,0.006,0.017,0.066,0.027,0.053,0.024,0.049,0.019,0.027,0.018,0.157,0.062,0.002,0.068,0.062
0.000,0.000,0.000,0.000,0.997,0.000,0.000,0.000,0.000,0.000,0.000,0.000,0.000,0.000,0.000,0.000,0.000,0.000,0.003,0.000
0.000,0.000,0.000,0.000,0.004,0.000,0.000,0.000,0.001,0.000,0.000,0.000,0.000,0.001,0.000,0.000,0.000,0.000,0.993,0.000
0.000,0.000,0.000,0.000,0.000,0.000,0.000,0.000,0.000,0.000,0.000,0.000,0.000,0.000,0.999,0.000,0.000,0.000,0.000,0.000
0.002,0.035,0.005,0.041,0.069,0.001,0.012,0.663,0.003,0.002,0.003,0.002,0.000,0.013,0.001,0.095,0.001,0.005,0.018,0.028
0.151,0.011,0.117,0.300,0.001,0.005,0.176,0.060,0.005,0.008,0.001,0.048,0.001,0.000,0.005,0.024,0.062,0.000,0.006,0.019
0.008,0.001,0.001,0.001,0.000,0.000,0.001,0.002,0.000,0.263,0.121,0.001,0.032,0.147,0.002,0.009,0.014,0.000,0.000,0.394
0.352,0.010,0.005,0.024,0.000,0.006,0.059,0.042,0.002,0.028,0.031,0.010,0.008,0.001,0.042,0.012,0.052,0.000,0.000,0.316
0.000,0.000,0.783,0.209,0.000,0.000,0.000,0.000,0.003,0.000,0.000,0.001,0.000,0.000,0.000,0.002,0.000,0.000,0.001,0.000
0.006,0.013,0.059,0.348,0.006,0.014,0.314,0.095,0.016,0.000,0.000,0.061,0.000,0.001,0.001,0.018,0.002,0.001,0.045,0.002
0.017,0.002,0.001,0.005,0.000,0.023,0.900,0.019,0.000,0.000,0.000,0.029,0.000,0.000,0.001,0.001,0.001,0.000,0.000,0.001
0.726,0.003,0.006,0.010,0.000,0.000,0.007,0.057,0.000,0.001,0.000,0.001,0.000,0.000,0.004,0.158,0.025,0.000,0.000,0.003
0.000,0.000,0.000,0.000,0.000,0.000,0.000,0.000,0.000,0.001,0.997,0.000,0.000,0.001,0.000,0.000,0.000,0.000,0.000,0.000
0.000,0.991,0.000,0.000,0.000,0.001,0.000,0.001,0.001,0.000,0.000,0.005,0.000,0.000,0.000,0.000,0.000,0.000,0.000,0.000
0.001,0.088,0.009,0.000,0.001,0.119,0.000,0.002,0.043,0.001,0.070,0.003,0.000,0.002,0.492,0.161,0.004,0.000,0.003,0.000
0.000,0.001,0.001,0.000,0.000,0.000,0.000,0.000,0.000,0.693,0.164,0.002,0.074,0.009,0.000,0.001,0.005,0.000,0.000,0.050
0.000,0.000,0.000,0.000,0.000,0.000,0.000,0.000,0.000,0.137,0.536,0.000,0.007,0.172,0.000,0.001,0.000,0.000,0.000,0.146
0.052,0.011,0.002,0.001,0.000,0.000,0.001,0.019,0.000,0.000,0.000,0.001,0.000,0.000,0.005,0.891,0.016,0.000,0.000,0.000
0.005,0.017,0.021,0.008,0.001,0.001,0.005,0.073,0.001,0.001,0.001,0.001,0.000,0.001,0.001,0.850,0.005,0.001,0.004,0.001
0.017,0.010,0.051,0.007,0.006,0.001,0.002,0.014,0.002,0.098,0.034,0.006,0.003,0.019,0.003,0.659,0.041,0.001,0.004,0.021
0.005,0.029,0.049,0.350,0.001,0.001,0.075,0.408,0.001,0.001,0.000,0.015,0.000,0.000,0.000,0.057,0.002,0.001,0.003,0.003
0.017,0.032,0.039,0.005,0.001,0.000,0.003,0.030,0.001,0.001,0.001,0.007,0.000,0.001,0.003,0.786,0.070,0.000,0.002,0.001
0.000,0.000,0.000,0.000,0.000,0.000,0.000,0.000,0.000,0.082,0.326,0.000,0.007,0.564,0.000,0.004,0.000,0.000,0.001,0.015
0.003,0.000,0.003,0.140,0.000,0.001,0.822,0.011,0.000,0.000,0.000,0.017,0.000,0.000,0.000,0.000,0.000,0.000,0.000,0.002
0.000,0.000,0.000,0.000,0.003,0.000,0.000,0.000,0.000,0.007,0.053,0.000,0.002,0.916,0.001,0.004,0.000,0.000,0.009,0.003
0.008,0.009,0.011,0.002,0.000,0.002,0.002,0.002,0.001,0.506,0.155,0.010,0.064,0.043,0.016,0.030,0.033,0.000,0.001,0.106
0.115,0.036,0.008,0.026,0.000,0.020,0.143,0.028,0.002,0.008,0.003,0.365,0.005,0.000,0.013,0.019,0.189,0.000,0.001,0.020
0.043,0.003,0.018,0.078,0.000,0.014,0.694,0.076,0.003,0.004,0.002,0.021,0.001,0.000,0.001,0.011,0.009,0.000,0.001,0.020
0.327,0.029,0.028,0.021,0.000,0.011,0.206,0.180,0.003,0.008,0.003,0.025,0.002,0.001,0.006,0.076,0.054,0.001,0.002,0.017
0.221,0.009,0.027,0.001,0.000,0.006,0.002,0.008,0.002,0.026,0.002,0.045,0.018,0.001,0.001,0.045,0.560,0.000,0.001,0.024
0.000,0.008,0.000,0.000,0.061,0.000,0.000,0.004,0.001,0.000,0.002,0.000,0.000,0.001,0.000,0.003,0.000,0.900,0.018,0.000
0.029,0.028,0.182,0.020,0.008,0.006,0.015,0.020,0.003,0.031,0.010,0.015,0.011,0.004,0.062,0.286,0.251,0.001,0.011,0.009
0.019,0.043,0.002,0.006,0.003,0.005,0.083,0.795,0.001,0.002,0.001,0.009,0.001,0.000,0.002,0.011,0.004,0.004,0.001,0.009
0.006,0.000,0.001,0.004,0.000,0.000,0.009,0.004,0.000,0.101,0.003,0.001,0.017,0.000,0.000,0.000,0.001,0.000,0.000,0.853
0.006,0.029,0.014,0.011,0.002,0.032,0.028,0.068,0.011,0.027,0.010,0.531,0.005,0.002,0.006,0.030,0.180,0.002,0.004,0.004
0.035,0.091,0.056,0.029,0.012,0.276,0.058,0.017,0.073,0.030,0.063,0.032,0.013,0.016,0.025,0.083,0.041,0.017,0.025,0.010
0.056,0.005,0.522,0.218,0.000,0.001,0.024,0.023,0.007,0.004,0.000,0.013,0.001,0.000,0.003,0.061,0.048,0.000,0.007,0.006
0.000,0.000,0.000,0.000,0.000,0.000,0.000,0.999,0.000,0.000,0.000,0.000,0.000,0.000,0.000,0.000,0.000,0.000,0.000,0.000
0.131,0.057,0.036,0.019,0.000,0.005,0.037,0.023,0.005,0.090,0.009,0.086,0.008,0.001,0.009,0.092,0.321,0.000,0.001,0.070
0.012,0.004,0.013,0.001,0.000,0.001,0.002,0.002,0.001,0.018,0.002,0.008,0.003,0.000,0.009,0.250,0.672,0.000,0.001,0.002
0.053,0.012,0.146,0.025,0.002,0.006,0.053,0.128,0.007,0.012,0.006,0.038,0.002,0.004,0.004,0.402,0.075,0.002,0.014,0.009
0.973,0.000,0.000,0.001,0.000,0.000,0.001,0.000,0.000,0.000,0.000,0.000,0.000,0.000,0.000,0.001,0.022,0.000,0.000,0.002
0.000,0.000,0.000,0.000,0.998,0.000,0.000,0.000,0.000,0.000,0.000,0.000,0.000,0.000,0.000,0.000,0.000,0.000,0.002,0.000
0.008,0.250,0.038,0.005,0.001,0.091,0.066,0.036,0.014,0.047,0.019,0.299,0.017,0.001,0.016,0.021,0.053,0.002,0.002,0.015
0.001,0.748,0.007,0.002,0.029,0.045,0.004,0.007,0.051,0.002,0.003,0.027,0.001,0.001,0.001,0.040,0.003,0.020,0.009,0.000
0.044,0.100,0.148,0.019,0.001,0.011,0.066,0.184,0.014,0.014,0.005,0.065,0.002,0.002,0.001,0.247,0.049,0.003,0.013,0.012
0.006,0.021,0.010,0.031,0.002,0.000,0.013,0.684,0.001,0.000,0.000,0.002,0.000,0.000,0.001,0.223,0.001,0.001,0.001,0.001
0.054,0.037,0.034,0.076,0.001,0.009,0.145,0.284,0.006,0.038,0.013,0.052,0.010,0.003,0.002,0.085,0.065,0.002,0.005,0.078
0.014,0.013,0.291,0.129,0.002,0.004,0.009,0.012,0.026,0.006,0.004,0.034,0.001,0.001,0.010,0.348,0.026,0.001,0.068,0.001
0.001,0.001,0.009,0.001,0.001,0.000,0.000,0.019,0.000,0.000,0.000,0.000,0.000,0.000,0.000,0.966,0.001,0.000,0.001,0.000
0.000,0.000,0.000,0.000,0.000,0.000,0.000,0.000,0.000,0.000,0.000,0.000,0.000,0.999,0.000,0.000,0.000,0.000,0.000,0.000
0.000,0.000,0.001,0.000,0.016,0.000,0.000,0.000,0.002,0.000,0.002,0.000,0.000,0.431,0.000,0.003,0.000,0.000,0.544,0.000
0.278,0.017,0.014,0.008,0.001,0.000,0.005,0.052,0.001,0.003,0.001,0.006,0.001,0.000,0.019,0.378,0.211,0.000,0.000,0.004
0.002,0.296,0.002,0.012,0.001,0.067,0.146,0.223,0.012,0.001,0.000,0.222,0.000,0.000,0.001,0.012,0.002,0.000,0.000,0.001
0.000,0.000,0.000,0.000,0.000,0.000,0.000,0.000,0.000,0.039,0.496,0.000,0.450,0.002,0.000,0.000,0.000,0.000,0.000,0.013
0.012,0.032,0.355,0.031,0.001,0.015,0.057,0.025,0.019,0.013,0.001,0.366,0.002,0.000,0.001,0.029,0.029,0.000,0.005,0.005
0.000,0.000,0.000,0.000,0.000,0.000,0.000,0.000,0.000,0.000,0.000,0.000,0.000,0.000,0.000,0.000,0.000,1.000,0.000,0.000
0.000,0.000,0.000,0.000,0.000,0.000,0.000,0.000,0.000,0.000,0.998,0.000,0.000,0.001,0.000,0.000,0.000,0.000,0.000,0.000
0.031,0.007,0.005,0.002,0.000,0.002,0.004,0.007,0.001,0.281,0.101,0.011,0.085,0.006,0.002,0.019,0.222,0.000,0.000,0.215
0.013,0.204,0.102,0.002,0.008,0.053,0.046,0.063,0.025,0.006,0.010,0.208,0.003,0.001,0.003,0.203,0.044,0.001,0.002,0.003
0.015,0.110,0.318,0.024,0.001,0.012,0.035,0.018,0.010,0.008,0.003,0.199,0.003,0.001,0.001,0.198,0.034,0.001,0.009,0.002
0.042,0.008,0.056,0.079,0.001,0.002,0.114,0.458,0.002,0.002,0.002,0.012,0.001,0.001,0.000,0.181,0.025,0.003,0.005,0.006
0.012,0.013,0.230,0.239,0.005,0.042,0.070,0.013,0.066,0.008,0.007,0.012,0.001,0.001,0.030,0.167,0.026,0.001,0.053,0.004
0.144,0.005,0.065,0.043,0.000,0.001,0.032,0.012,0.003,0.019,0.003,0.003,0.003,0.001,0.008,0.069,0.560,0.000,0.003,0.025
0.000,0.000,0.002,0.001,0.024,0.000,0.000,0.000,0.002,0.000,0.002,0.000,0.000,0.237,0.000,0.006,0.000,0.000,0.724,0.000
0.000,0.000,0.000,0.000,0.000,0.000,0.000,0.000,0.000,0.000,0.000,0.000,0.000,0.000,1.000,0.000,0.000,0.000,0.000,0.000
0.022,0.062,0.013,0.007,0.001,0.108,0.052,0.024,0.029,0.087,0.227,0.079,0.043,0.013,0.048,0.022,0.037,0.001,0.003,0.122
0.017,0.039,0.006,0.001,0.000,0.071,0.007,0.002,0.008,0.194,0.153,0.096,0.123,0.004,0.029,0.018,0.194,0.000,0.001,0.037
0.017,0.011,0.335,0.014,0.000,0.001,0.010,0.002,0.003,0.016,0.000,0.203,0.002,0.000,0.001,0.038,0.345,0.000,0.001,0.001
0.019,0.063,0.142,0.049,0.001,0.018,0.093,0.075,0.008,0.090,0.022,0.196,0.027,0.004,0.004,0.074,0.038,0.001,0.003,0.076
0.083,0.004,0.015,0.001,0.000,0.000,0.003,0.002,0.000,0.010,0.001,0.006,0.004,0.000,0.003,0.036,0.825,0.000,0.000,0.005
0.004,0.015,0.092,0.040,0.032,0.006,0.005,0.006,0.053,0.012,0.012,0.015,0.004,0.082,0.006,0.047,0.011,0.000,0.554,0.006
0.012,0.319,0.054,0.013,0.003,0.062,0.041,0.021,0.034,0.020,0.014,0.234,0.008,0.001,0.013,0.075,0.062,0.002,0.003,0.007
0.000,0.001,0.950,0.015,0.000,0.000,0.002,0.001,0.004,0.001,0.000,0.015,0.000,0.000,0.000,0.008,0.002,0.000,0.001,0.000
0.010,0.000,0.074,0.001,0.000,0.000,0.000,0.000,0.000,0.005,0.000,0.010,0.000,0.000,0.002,0.012,0.883,0.000,0.000,0.000
0.017,0.088,0.047,0.126,0.002,0.003,0.052,0.611,0.007,0.001,0.000,0.024,0.000,0.000,0.000,0.011,0.002,0.002,0.004,0.003
0.071,0.069,0.033,0.230,0.001,0.004,0.131,0.140,0.015,0.003,0.003,0.077,0.002,0.000,0.007,0.115,0.084,0.001,0.006,0.008
0.055,0.056,0.076,0.096,0.050,0.008,0.037,0.087,0.037,0.015,0.014,0.026,0.002,0.021,0.004,0.197,0.036,0.001,0.150,0.033
0.036,0.006,0.024,0.627,0.000,0.008,0.206,0.018,0.016,0.001,0.001,0.015,0.000,0.000,0.004,0.009,0.010,0.000,0.007,0.009
0.035,0.205,0.075,0.049,0.003,0.059,0.071,0.070,0.064,0.017,0.012,0.170,0.003,0.001,0.034,0.035,0.081,0.002,0.005,0.011
0.000,0.000,0.000,0.000,0.000,0.000,0.000,0.000,0.000,0.001,0.993,0.000,0.001,0.003,0.001,0.000,0.000,0.000,0.000,0.001
0.000,0.002,0.024,0.002,0.021,0.000,0.000,0.000,0.003,0.056,0.012,0.001,0.001,0.692,0.000,0.040,0.002,0.000,0.138,0.005
0.004,0.001,0.002,0.000,0.000,0.000,0.001,0.001,0.000,0.665,0.056,0.002,0.060,0.005,0.001,0.001,0.019,0.000,0.000,0.183
0.000,0.000,0.000,0.000,0.000,0.000,0.000,0.000,0.000,0.000,0.000,0.000,0.000,0.000,0.000,0.000,0.000,1.000,0.000,0.000
0.000,0.001,0.000,0.002,0.000,0.000,0.001,0.995,0.000,0.000,0.000,0.000,0.000,0.000,0.000,0.001,0.000,0.000,0.000,0.000
0.007,0.001,0.001,0.001,0.000,0.000,0.001,0.001,0.000,0.451,0.035,0.001,0.025,0.004,0.000,0.001,0.005,0.000,0.000,0.468
0.000,0.004,0.002,0.000,0.000,0.004,0.000,0.000,0.986,0.000,0.000,0.000,0.000,0.000,0.000,0.000,0.000,0.000,0.002,0.000
0.000,0.000,0.000,0.000,0.000,0.000,0.000,0.000,1.000,0.000,0.000,0.000,0.000,0.000,0.000,0.000,0.000,0.000,0.000,0.000
0.000,0.000,0.000,0.000,0.000,0.001,0.000,0.000,0.001,0.000,0.001,0.000,0.000,0.000,0.987,0.009,0.001,0.000,0.000,0.000
0.009,0.023,0.017,0.004,0.003,0.002,0.004,0.047,0.002,0.003,0.002,0.003,0.000,0.003,0.034,0.822,0.015,0.001,0.004,0.001
0.060,0.010,0.044,0.002,0.002,0.001,0.002,0.013,0.001,0.015,0.004,0.014,0.002,0.001,0.017,0.356,0.451,0.000,0.001,0.003
0.270,0.013,0.100,0.106,0.001,0.004,0.051,0.039,0.009,0.031,0.004,0.035,0.004,0.001,0.010,0.066,0.233,0.000,0.006,0.016
0.098,0.026,0.040,0.033,0.001,0.172,0.095,0.010,0.034,0.048,0.021,0.087,0.005,0.002,0.039,0.077,0.193,0.001,0.006,0.014
0.003,0.002,0.001,0.008,0.000,0.002,0.955,0.006,0.000,0.000,0.000,0.021,0.000,0.000,0.000,0.000,0.001,0.000,0.000,0.001
0.000,0.012,0.002,0.000,0.000,0.919,0.011,0.001,0.016,0.000,0.001,0.035,0.000,0.000,0.001,0.001,0.000,0.000,0.000,0.000
0.074,0.006,0.070,0.010,0.000,0.003,0.009,0.002,0.002,0.021,0.001,0.030,0.003,0.000,0.003,0.033,0.726,0.000,0.001,0.004
0.019,0.004,0.174,0.326,0.003,0.012,0.182,0.071,0.037,0.008,0.001,0.030,0.001,0.001,0.000,0.066,0.032,0.000,0.025,0.009
0.000,0.000,0.000,0.000,0.000,0.000,0.000,0.000,0.000,0.005,0.986,0.000,0.003,0.002,0.001,0.000,0.000,0.000,0.000,0.002
0.000,0.000,0.000,0.000,0.002,0.000,0.000,0.000,0.001,0.000,0.000,0.000,0.000,0.000,0.000,0.000,0.000,0.000,0.997,0.000
0.006,0.081,0.006,0.022,0.000,0.006,0.446,0.262,0.000,0.003,0.000,0.145,0.002,0.000,0.000,0.005,0.002,0.000,0.000,0.012
0.027,0.051,0.334,0.036,0.001,0.020,0.020,0.024,0.030,0.021,0.007,0.096,0.003,0.002,0.023,0.174,0.111,0.001,0.012,0.006
0.140,0.017,0.059,0.081,0.001,0.023,0.099,0.225,0.018,0.011,0.006,0.102,0.004,0.001,0.033,0.062,0.094,0.002,0.005,0.019
0.003,0.004,0.346,0.008,0.001,0.000,0.000,0.004,0.005,0.002,0.001,0.004,0.000,0.000,0.013,0.578,0.021,0.000,0.006,0.000
0.017,0.390,0.010,0.008,0.002,0.023,0.015,0.247,0.006,0.020,0.031,0.041,0.011,0.002,0.023,0.103,0.028,0.003,0.000,0.020
0.000,0.226,0.011,0.001,0.050,0.006,0.000,0.012,0.035,0.002,0.044,0.002,0.000,0.011,0.010,0.558,0.002,0.010,0.020,0.000
0.018,0.000,0.001,0.001,0.000,0.000,0.001,0.001,0.000,0.449,0.009,0.001,0.016,0.001,0.000,0.001,0.016,0.000,0.000,0.486
0.035,0.002,0.007,0.000,0.000,0.000,0.000,0.000,0.000,0.002,0.000,0.001,0.000,0.000,0.009,0.201,0.741,0.000,0.000,0.000
0.001,0.000,0.000,0.000,0.000,0.000,0.000,0.000,0.000,0.016,0.001,0.000,0.003,0.000,0.000,0.000,0.000,0.000,0.000,0.977
0.001,0.020,0.001,0.004,0.001,0.000,0.003,0.868,0.000,0.000,0.000,0.000,0.000,0.000,0.000,0.101,0.000,0.000,0.000,0.000
0.023,0.000,0.004,0.000,0.000,0.000,0.000,0.000,0.000,0.002,0.000,0.001,0.000,0.000,0.005,0.068,0.896,0.000,0.000,0.000
0.007,0.299,0.085,0.010,0.003,0.008,0.038,0.140,0.004,0.002,0.002,0.135,0.001,0.000,0.006,0.236,0.019,0.002,0.002,0.001
0.098,0.072,0.092,0.025,0.002,0.009,0.019,0.028,0.007,0.005,0.003,0.062,0.005,0.000,0.003,0.095,0.463,0.001,0.006,0.004
0.001,0.014,0.029,0.015,0.062,0.002,0.001,0.004,0.027,0.002,0.008,0.002,0.000,0.051,0.001,0.376,0.003,0.005,0.395,0.001
0.000,0.007,0.000,0.000,0.000,0.953,0.001,0.000,0.026,0.000,0.000,0.012,0.000,0.000,0.001,0.000,0.000,0.000,0.000,0.000
0.009,0.188,0.093,0.002,0.002,0.198,0.018,0.018,0.090,0.014,0.016,0.263,0.006,0.002,0.003,0.034,0.036,0.001,0.003,0.004
0.019,0.004,0.144,0.007,0.001,0.000,0.000,0.005,0.001,0.002,0.000,0.003,0.000,0.001,0.005,0.734,0.069,0.000,0.003,0.000
0.000,0.000,0.000,0.000,0.001,0.000,0.000,0.000,0.000,0.050,0.053,0.000,0.002,0.870,0.000,0.005,0.000,0.000,0.001,0.019
0.060,0.005,0.004,0.001,0.000,0.001,0.015,0.004,0.000,0.351,0.036,0.014,0.047,0.007,0.000,0.008,0.057,0.000,0.000,0.387
0.000,0.000,0.000,0.000,0.000,0.000,0.000,0.000,0.000,0.000,0.000,0.000,0.000,0.000,1.000,0.000,0.000,0.000,0.000,0.000
0.029,0.007,0.312,0.261,0.000,0.001,0.083,0.089,0.003,0.031,0.002,0.037,0.002,0.001,0.001,0.087,0.013,0.000,0.002,0.039
0.003,0.000,0.000,0.000,0.000,0.000,0.000,0.000,0.000,0.828,0.028,0.000,0.019,0.001,0.001,0.001,0.014,0.000,0.000,0.105
0.000,0.000,0.000,0.000,0.000,0.000,0.000,1.000,0.000,0.000,0.000,0.000,0.000,0.000,0.000,0.000,0.000,0.000,0.000,0.000
0.606,0.002,0.007,0.004,0.000,0.000,0.003,0.009,0.000,0.002,0.000,0.001,0.000,0.000,0.029,0.127,0.205,0.000,0.000,0.003
0.000,0.994,0.000,0.000,0.000,0.000,0.000,0.001,0.001,0.000,0.000,0.003,0.000,0.000,0.000,0.000,0.000,0.000,0.000,0.000
0.000,0.000,0.000,0.000,0.000,0.000,0.000,0.000,0.000,0.000,0.000,0.000,0.000,0.000,1.000,0.000,0.000,0.000,0.000,0.000
0.000,0.412,0.001,0.000,0.006,0.362,0.006,0.009,0.011,0.000,0.027,0.033,0.000,0.000,0.021,0.010,0.001,0.098,0.001,0.000
0.000,0.000,0.000,0.000,0.000,0.000,0.000,0.000,0.000,0.001,0.000,0.000,0.000,0.000,0.000,0.000,0.000,0.000,0.000,0.998
0.000,0.034,0.658,0.029,0.001,0.002,0.001,0.008,0.050,0.002,0.000,0.107,0.000,0.000,0.000,0.096,0.008,0.000,0.003,0.000
0.000,0.002,0.000,0.001,0.000,0.000,0.002,0.995,0.000,0.000,0.000,0.000,0.000,0.000,0.000,0.001,0.000,0.000,0.000,0.000
0.000,0.002,0.000,0.000,0.000,0.990,0.000,0.000,0.006,0.000,0.000,0.002,0.000,0.000,0.000,0.000,0.000,0.000,0.000,0.000
0.006,0.046,0.056,0.005,0.005,0.003,0.004,0.029,0.004,0.004,0.007,0.004,0.000,0.003,0.018,0.780,0.016,0.002,0.010,0.001
0.000,0.002,0.000,0.002,0.000,0.000,0.005,0.990,0.000,0.000,0.000,0.000,0.000,0.000,0.000,0.001,0.000,0.000,0.000,0.000
0.000,0.992,0.000,0.000,0.000,0.001,0.000,0.001,0.001,0.000,0.000,0.003,0.000,0.000,0.000,0.001,0.000,0.002,0.000,0.000
0.000,0.000,0.000,0.000,0.000,0.000,0.000,0.000,0.000,0.875,0.005,0.001,0.093,0.001,0.000,0.000,0.004,0.000,0.000,0.020
0.007,0.000,0.117,0.816,0.000,0.000,0.002,0.041,0.000,0.000,0.000,0.000,0.000,0.000,0.000,0.014,0.000,0.000,0.002,0.000
0.000,0.000,0.000,0.000,0.000,0.000,0.000,0.000,0.000,0.024,0.025,0.000,0.001,0.945,0.000,0.001,0.000,0.000,0.000,0.005
0.000,0.000,0.003,0.001,0.005,0.000,0.000,0.000,0.191,0.000,0.000,0.000,0.000,0.000,0.000,0.000,0.000,0.000,0.799,0.000
0.000,0.000,0.000,0.000,0.000,0.000,0.000,0.000,0.000,0.000,0.000,0.000,0.000,0.000,0.000,0.000,0.000,1.000,0.000,0.000
0.089,0.008,0.008,0.002,0.001,0.001,0.003,0.001,0.001,0.070,0.013,0.012,0.017,0.001,0.003,0.078,0.673,0.000,0.001,0.018
0.001,0.002,0.001,0.000,0.000,0.000,0.000,0.000,0.000,0.397,0.328,0.002,0.090,0.008,0.001,0.002,0.014,0.000,0.000,0.152
0.001,0.000,0.000,0.000,0.000,0.000,0.000,0.000,0.000,0.064,0.108,0.000,0.008,0.001,0.000,0.000,0.000,0.000,0.000,0.817
0.001,0.039,0.050,0.013,0.000,0.069,0.158,0.007,0.008,0.001,0.000,0.647,0.000,0.000,0.001,0.002,0.003,0.000,0.000,0.000
0.001,0.000,0.000,0.000,0.000,0.002,0.000,0.000,0.001,0.000,0.001,0.000,0.000,0.000,0.993,0.001,0.001,0.000,0.000,0.000
0.000,0.004,0.001,0.025,0.000,0.000,0.008,0.955,0.000,0.000,0.000,0.000,0.000,0.000,0.000,0.007,0.000,0.000,0.000,0.000
0.000,0.000,0.002,0.980,0.000,0.000,0.014,0.004,0.000,0.000,0.000,0.000,0.000,0.000,0.000,0.000,0.000,0.000,0.000,0.000
0.079,0.016,0.073,0.008,0.002,0.005,0.017,0.011,0.009,0.120,0.031,0.028,0.034,0.020,0.004,0.124,0.313,0.001,0.007,0.097
0.001,0.000,0.000,0.000,0.000,0.000,0.000,0.000,0.000,0.744,0.078,0.000,0.030,0.001,0.000,0.000,0.002,0.000,0.000,0.142
0.194,0.001,0.006,0.002,0.000,0.000,0.003,0.002,0.000,0.104,0.001,0.011,0.033,0.000,0.000,0.005,0.593,0.000,0.000,0.045
0.000,0.000,0.000,0.000,0.000,0.000,0.000,0.000,0.000,0.003,0.005,0.000,0.000,0.990,0.000,0.000,0.000,0.000,0.000,0.001
0.005,0.013,0.498,0.039,0.001,0.001,0.005,0.016,0.004,0.004,0.000,0.027,0.000,0.000,0.001,0.348,0.031,0.000,0.004,0.001
0.001,0.008,0.042,0.002,0.033,0.001,0.000,0.005,0.011,0.003,0.030,0.001,0.000,0.054,0.009,0.724,0.003,0.001,0.073,0.000
0.000,0.000,0.972,0.008,0.000,0.000,0.000,0.000,0.001,0.006,0.000,0.003,0.000,0.000,0.000,0.006,0.002,0.000,0.001,0.000
0.000,0.000,0.000,0.001,0.000,0.000,0.002,0.996,0.000,0.000,0.000,0.000,0.000,0.000,0.000,0.000,0.000,0.000,0.000,0.000
0.143,0.015,0.173,0.217,0.001,0.002,0.071,0.165,0.003,0.007,0.001,0.029,0.001,0.000,0.004,0.091,0.065,0.000,0.003,0.009
0.000,0.000,0.000,0.000,0.000,0.000,0.000,0.000,0.000,0.007,0.840,0.000,0.001,0.147,0.001,0.000,0.000,0.000,0.000,0.002
0.001,0.000,0.000,0.000,0.000,0.000,0.000,0.000,0.000,0.904,0.025,0.000,0.021,0.000,0.000,0.000,0.002,0.000,0.000,0.046
0.996,0.000,0.000,0.000,0.000,0.000,0.000,0.000,0.000,0.000,0.000,0.000,0.000,0.000,0.000,0.000,0.003,0.000,0.000,0.001
0.000,0.000,0.000,0.000,0.000,0.000,0.000,0.000,0.000,0.000,0.000,0.000,0.000,0.000,0.999,0.000,0.000,0.000,0.000,0.000
0.001,0.581,0.014,0.003,0.009,0.007,0.008,0.207,0.015,0.001,0.001,0.026,0.000,0.000,0.001,0.108,0.003,0.011,0.002,0.000
0.000,0.439,0.001,0.007,0.029,0.001,0.003,0.456,0.003,0.000,0.000,0.003,0.000,0.000,0.000,0.053,0.000,0.002,0.001,0.000
0.189,0.026,0.047,0.174,0.007,0.015,0.023,0.074,0.055,0.035,0.040,0.017,0.011,0.016,0.024,0.047,0.033,0.001,0.033,0.131
0.001,0.003,0.017,0.006,0.037,0.001,0.000,0.002,0.039,0.001,0.006,0.001,0.000,0.071,0.001,0.073,0.001,0.000,0.741,0.000
0.002,0.057,0.004,0.001,0.000,0.017,0.063,0.007,0.001,0.006,0.001,0.815,0.003,0.000,0.000,0.004,0.017,0.000,0.000,0.001
0.000,0.001,0.000,0.000,0.000,0.000,0.000,0.000,0.000,0.142,0.673,0.000,0.026,0.116,0.001,0.001,0.001,0.000,0.000,0.036
0.023,0.099,0.050,0.014,0.003,0.019,0.016,0.034,0.018,0.064,0.136,0.040,0.023,0.025,0.002,0.298,0.068,0.009,0.012,0.047
0.085,0.163,0.024,0.049,0.001,0.018,0.146,0.161,0.007,0.015,0.004,0.163,0.006,0.001,0.014,0.043,0.064,0.001,0.001,0.034
0.001,0.187,0.001,0.005,0.001,0.001,0.018,0.767,0.001,0.000,0.000,0.006,0.000,0.000,0.000,0.011,0.000,0.001,0.000,0.000
0.007,0.065,0.034,0.029,0.000,0.016,0.308,0.055,0.003,0.002,0.000,0.460,0.000,0.000,0.001,0.008,0.007,0.001,0.001,0.002
0.001,0.015,0.005,0.000,0.003,0.000,0.000,0.033,0.000,0.001,0.015,0.000,0.000,0.004,0.003,0.914,0.001,0.001,0.001,0.001
0.045,0.171,0.035,0.004,0.003,0.014,0.008,0.059,0.006,0.068,0.032,0.087,0.047,0.003,0.027,0.200,0.157,0.004,0.002,0.028
0.007,0.007,0.006,0.004,0.000,0.001,0.004,0.006,0.001,0.675,0.036,0.007,0.008,0.010,0.001,0.006,0.018,0.000,0.000,0.203
0.001,0.007,0.001,0.000,0.001,0.014,0.001,0.001,0.003,0.039,0.786,0.002,0.022,0.080,0.008,0.005,0.001,0.000,0.001,0.028
0.000,0.605,0.018,0.001,0.001,0.110,0.013,0.003,0.015,0.001,0.001,0.204,0.000,0.000,0.001,0.022,0.003,0.001,0.001,0.000
0.012,0.012,0.031,0.009,0.004,0.002,0.006,0.029,0.004,0.003,0.003,0.008,0.001,0.002,0.004,0.815,0.046,0.002,0.007,0.003
0.049,0.001,0.031,0.790,0.000,0.000,0.055,0.060,0.001,0.000,0.000,0.001,0.000,0.000,0.000,0.002,0.003,0.000,0.001,0.004
0.059,0.010,0.004,0.001,0.001,0.003,0.005,0.003,0.002,0.213,0.367,0.009,0.060,0.018,0.001,0.013,0.038,0.000,0.001,0.193
0.028,0.040,0.009,0.003,0.000,0.044,0.009,0.009,0.024,0.038,0.126,0.020,0.005,0.005,0.416,0.098,0.114,0.001,0.003,0.010
0.012,0.007,0.007,0.001,0.000,0.001,0.008,0.006,0.001,0.371,0.046,0.006,0.085,0.007,0.003,0.006,0.033,0.000,0.000,0.399
0.027,0.015,0.088,0.320,0.001,0.001,0.096,0.323,0.004,0.001,0.000,0.018,0.000,0.000,0.000,0.086,0.008,0.000,0.003,0.006
0.013,0.003,0.377,0.055,0.001,0.001,0.008,0.016,0.004,0.009,0.004,0.006,0.001,0.003,0.015,0.389,0.067,0.001,0.024,0.002
0.000,0.000,0.000,0.000,0.997,0.000,0.000,0.000,0.000,0.000,0.000,0.000,0.000,0.000,0.000,0.000,0.000,0.000,0.003,0.000
0.015,0.009,0.045,0.069,0.000,0.011,0.337,0.013,0.004,0.092,0.013,0.029,0.022,0.004,0.001,0.019,0.039,0.001,0.003,0.274
0.009,0.015,0.012,0.003,0.003,0.000,0.002,0.050,0.000,0.001,0.001,0.001,0.000,0.001,0.003,0.884,0.013,0.000,0.001,0.001
0.002,0.014,0.027,0.017,0.000,0.013,0.320,0.009,0.001,0.000,0.000,0.593,0.000,0.000,0.000,0.001,0.002,0.000,0.000,0.000
0.000,0.000,0.000,0.000,0.997,0.000,0.000,0.000,0.000,0.000,0.000,0.000,0.000,0.000,0.000,0.000,0.000,0.000,0.003,0.000
0.001,0.006,0.004,0.001,0.005,0.004,0.001,0.001,0.008,0.039,0.578,0.001,0.006,0.291,0.009,0.018,0.002,0.001,0.012,0.013
0.029,0.062,0.023,0.006,0.004,0.013,0.008,0.008,0.014,0.029,0.013,0.075,0.006,0.001,0.031,0.079,0.582,0.008,0.005,0.005
0.042,0.075,0.093,0.093,0.019,0.024,0.103,0.141,0.037,0.009,0.005,0.102,0.004,0.003,0.014,0.158,0.032,0.005,0.025,0.017
0.022,0.099,0.065,0.097,0.002,0.018,0.271,0.127,0.009,0.019,0.004,0.142,0.006,0.001,0.004,0.049,0.029,0.002,0.004,0.029
0.000,0.001,0.000,0.000,0.000,0.000,0.002,0.996,0.000,0.000,0.000,0.000,0.000,0.000,0.000,0.000,0.000,0.000,0.000,0.000
0.004,0.014,0.016,0.001,0.001,0.000,0.000,0.028,0.000,0.003,0.001,0.001,0.000,0.000,0.003,0.910,0.016,0.000,0.001,0.000
0.001,0.000,0.000,0.000,0.000,0.000,0.000,0.000,0.000,0.898,0.023,0.001,0.010,0.001,0.000,0.000,0.004,0.000,0.000,0.059
0.007,0.008,0.523,0.016,0.000,0.004,0.001,0.002,0.047,0.033,0.008,0.016,0.002,0.001,0.049,0.185,0.093,0.000,0.003,0.002
0.022,0.000,0.039,0.001,0.000,0.000,0.000,0.000,0.000,0.005,0.000,0.004,0.000,0.000,0.003,0.029,0.896,0.000,0.000,0.000
0.006,0.008,0.669,0.193,0.000,0.001,0.009,0.012,0.007,0.002,0.000,0.048,0.000,0.000,0.001,0.030,0.010,0.000,0.004,0.001
0.002,0.207,0.009,0.001,0.000,0.076,0.024,0.001,0.009,0.068,0.055,0.475,0.033,0.001,0.004,0.012,0.013,0.001,0.000,0.009
0.002,0.000,0.000,0.000,0.000,0.000,0.000,0.000,0.000,0.000,0.001,0.000,0.000,0.000,0.980,0.003,0.013,0.000,0.000,0.000
0.000,0.000,0.000,0.000,0.000,0.000,0.000,0.000,0.000,0.000,0.000,0.000,0.000,0.999,0.000,0.000,0.000,0.000,0.000,0.000
0.000,0.004,0.000,0.000,0.000,0.955,0.000,0.000,0.037,0.000,0.000,0.001,0.000,0.000,0.002,0.000,0.000,0.000,0.000,0.000
0.000,0.000,0.990,0.003,0.000,0.000,0.000,0.000,0.001,0.000,0.000,0.002,0.000,0.000,0.000,0.003,0.000,0.000,0.000,0.000
0.002,0.001,0.001,0.000,0.000,0.000,0.001,0.001,0.000,0.436,0.093,0.001,0.010,0.004,0.001,0.001,0.004,0.000,0.000,0.443
0.002,0.004,0.391,0.025,0.003,0.000,0.001,0.010,0.014,0.001,0.001,0.004,0.000,0.001,0.001,0.531,0.006,0.000,0.006,0.000
0.010,0.380,0.007,0.002,0.001,0.050,0.009,0.013,0.079,0.005,0.011,0.130,0.002,0.001,0.207,0.065,0.019,0.005,0.003,0.001
0.002,0.514,0.036,0.003,0.001,0.014,0.003,0.009,0.025,0.144,0.027,0.088,0.021,0.002,0.001,0.064,0.036,0.001,0.001,0.007
0.297,0.000,0.001,0.000,0.000,0.000,0.000,0.001,0.000,0.002,0.000,0.001,0.000,0.000,0.001,0.004,0.691,0.000,0.000,0.002
0.004,0.001,0.003,0.004,0.000,0.000,0.001,0.002,0.000,0.448,0.050,0.001,0.013,0.072,0.001,0.004,0.004,0.000,0.001,0.390
0.000,0.001,0.000,0.001,0.000,0.000,0.001,0.997,0.000,0.000,0.000,0.000,0.000,0.000,0.000,0.000,0.000,0.000,0.000,0.000
0.009,0.024,0.114,0.232,0.000,0.046,0.370,0.010,0.035,0.003,0.001,0.130,0.001,0.000,0.000,0.008,0.010,0.000,0.001,0.005
0.000,0.000,0.000,0.000,0.997,0.000,0.000,0.000,0.000,0.000,0.000,0.000,0.000,0.000,0.000,0.000,0.000,0.000,0.002,0.000
0.000,0.000,0.000,0.000,0.000,0.000,0.000,0.000,0.000,0.000,0.000,0.000,0.000,0.000,0.998,0.000,0.000,0.000,0.000,0.000
0.000,0.007,0.000,0.000,0.000,0.001,0.001,0.000,0.000,0.000,0.000,0.991,0.000,0.000,0.000,0.000,0.000,0.000,0.000,0.000
0.000,0.000,0.000,0.000,0.001,0.000,0.000,0.000,0.000,0.000,0.000,0.000,0.000,0.000,0.000,0.000,0.000,0.000,0.998,0.000
0.000,0.000,0.000,0.000,0.000,0.000,0.000,0.000,0.000,0.006,0.000,0.000,0.000,0.000,0.000,0.000,0.000,0.000,0.000,0.992
0.001,0.019,0.208,0.013,0.000,0.003,0.013,0.001,0.002,0.001,0.000,0.725,0.000,0.000,0.000,0.003,0.011,0.000,0.001,0.000
0.001,0.035,0.002,0.002,0.000,0.728,0.023,0.002,0.022,0.002,0.007,0.166,0.001,0.000,0.005,0.001,0.004,0.000,0.000,0.001
0.029,0.194,0.033,0.040,0.003,0.040,0.165,0.226,0.008,0.008,0.004,0.133,0.003,0.001,0.006,0.060,0.033,0.002,0.004,0.008
0.001,0.002,0.007,0.000,0.001,0.000,0.000,0.002,0.000,0.000,0.000,0.000,0.000,0.000,0.001,0.983,0.003,0.000,0.001,0.000
0.000,0.000,0.000,0.000,0.000,0.000,0.000,0.000,0.000,0.001,0.998,0.000,0.000,0.001,0.000,0.000,0.000,0.000,0.000,0.000
0.002,0.071,0.020,0.001,0.000,0.070,0.024,0.002,0.005,0.088,0.115,0.384,0.154,0.002,0.007,0.010,0.022,0.001,0.000,0.021
0.000,0.000,0.000,0.000,0.000,0.000,0.000,0.000,0.000,0.001,0.995,0.000,0.000,0.003,0.000,0.000,0.000,0.000,0.000,0.000
0.998,0.000,0.000,0.000,0.000,0.000,0.000,0.000,0.000,0.000,0.000,0.000,0.000,0.000,0.000,0.000,0.001,0.000,0.000,0.000
0.006,0.000,0.000,0.000,0.000,0.000,0.000,0.000,0.000,0.003,0.000,0.001,0.000,0.000,0.001,0.001,0.988,0.000,0.000,0.000
0.000,0.001,0.000,0.001,0.000,0.000,0.001,0.997,0.000,0.000,0.000,0.000,0.000,0.000,0.000,0.000,0.000,0.000,0.000,0.000
0.000,0.000,0.000,0.000,0.000,0.000,0.000,0.000,0.000,0.007,0.004,0.000,0.985,0.000,0.000,0.000,0.000,0.000,0.000,0.003
0.000,0.974,0.000,0.000,0.000,0.002,0.001,0.002,0.001,0.000,0.000,0.016,0.000,0.000,0.000,0.001,0.000,0.001,0.000,0.000
0.000,0.000,0.996,0.002,0.000,0.000,0.000,0.000,0.000,0.000,0.000,0.001,0.000,0.000,0.000,0.001,0.000,0.000,0.000,0.000
0.001,0.000,0.000,0.000,0.000,0.000,0.000,0.000,0.000,0.033,0.000,0.000,0.003,0.000,0.000,0.000,0.000,0.000,0.000,0.962
0.000,0.000,0.000,0.000,0.000,0.000,0.000,0.000,0.000,0.000,0.000,0.000,0.000,0.000,1.000,0.000,0.000,0.000,0.000,0.000
0.017,0.001,0.001,0.015,0.000,0.001,0.922,0.020,0.000,0.000,0.000,0.022,0.000,0.000,0.000,0.000,0.001,0.000,0.000,0.002
0.011,0.044,0.017,0.004,0.000,0.007,0.007,0.001,0.002,0.466,0.033,0.145,0.109,0.003,0.002,0.004,0.050,0.000,0.001,0.094
0.010,0.074,0.010,0.004,0.001,0.667,0.065,0.008,0.066,0.003,0.010,0.030,0.001,0.001,0.011,0.017,0.016,0.001,0.002,0.001
0.147,0.088,0.042,0.020,0.000,0.006,0.043,0.091,0.003,0.023,0.003,0.081,0.006,0.000,0.014,0.087,0.318,0.001,0.000,0.026
0.000,0.991,0.000,0.000,0.000,0.001,0.000,0.002,0.000,0.000,0.000,0.005,0.000,0.000,0.000,0.000,0.000,0.000,0.000,0.000
0.000,0.001,0.000,0.001,0.000,0.000,0.001,0.997,0.000,0.000,0.000,0.000,0.000,0.000,0.000,0.000,0.000,0.000,0.000,0.000
0.000,0.000,0.000,0.000,0.000,0.000,0.000,0.000,0.000,0.001,0.996,0.000,0.000,0.001,0.000,0.000,0.000,0.000,0.000,0.001
0.000,0.000,0.000,0.000,0.000,0.000,0.000,0.000,0.000,0.000,0.000,0.000,0.000,1.000,0.000,0.000,0.000,0.000,0.000,0.000
