"A","R","N","D","C","Q","E","G","H","I","L","K","M","F","P","S","T","W","Y","V"
0.015,0.186,0.023,0.020,0.002,0.132,0.092,0.033,0.006,0.009,0.009,0.351,0.006,0.001,0.032,0.022,0.049,0.002,0.002,0.007
0.003,0.002,0.007,0.000,0.000,0.001,0.001,0.001,0.000,0.635,0.089,0.002,0.165,0.025,0.003,0.003,0.040,0.000,0.000,0.023
0.004,0.002,0.001,0.001,0.000,0.001,0.001,0.001,0.001,0.381,0.289,0.002,0.070,0.027,0.004,0.002,0.004,0.000,0.000,0.210
0.018,0.003,0.002,0.003,0.000,0.001,0.004,0.004,0.000,0.325,0.126,0.004,0.077,0.024,0.003,0.005,0.017,0.000,0.000,0.383
0.004,0.004,0.002,0.001,0.002,0.001,0.001,0.002,0.001,0.193,0.321,0.002,0.048,0.222,0.004,0.012,0.009,0.001,0.002,0.168
0.007,0.003,0.003,0.001,0.000,0.002,0.001,0.004,0.001,0.155,0.579,0.001,0.012,0.008,0.002,0.013,0.018,0.000,0.000,0.188
0.088,0.019,0.012,0.016,0.010,0.004,0.016,0.033,0.005,0.175,0.144,0.014,0.042,0.079,0.016,0.048,0.066,0.002,0.012,0.198
0.027,0.002,0.001,0.002,0.001,0.003,0.002,0.006,0.001,0.192,0.207,0.003,0.139,0.049,0.007,0.013,0.022,0.000,0.000,0.323
0.001,0.003,0.001,0.000,0.000,0.001,0.000,0.000,0.001,0.082,0.800,0.001,0.012,0.036,0.001,0.005,0.002,0.001,0.000,0.052
0.062,0.047,0.038,0.026,0.005,0.009,0.036,0.048,0.008,0.129,0.065,0.048,0.161,0.017,0.012,0.080,0.093,0.003,0.004,0.109
0.230,0.033,0.036,0.049,0.001,0.012,0.058,0.049,0.005,0.030,0.014,0.034,0.006,0.003,0.086,0.067,0.258,0.002,0.006,0.023
0.163,0.008,0.019,0.018,0.001,0.004,0.023,0.036,0.002,0.114,0.030,0.030,0.056,0.004,0.013,0.016,0.159,0.000,0.001,0.302
0.016,0.160,0.168,0.080,0.002,0.073,0.138,0.072,0.052,0.010,0.005,0.101,0.003,0.001,0.009,0.054,0.031,0.003,0.017,0.006
0.398,0.006,0.003,0.036,0.000,0.000,0.019,0.453,0.000,0.000,0.000,0.001,0.000,0.000,0.001,0.058,0.020,0.000,0.000,0.004
0.007,0.000,0.002,0.988,0.000,0.000,0.001,0.001,0.001,0.000,0.000,0.000,0.000,0.000,0.000,0.000,0.000,0.000,0.000,0.000
0.003,0.029,0.012,0.003,0.000,0.012,0.103,0.005,0.001,0.007,0.000,0.796,0.006,0.000,0.000,0.001,0.020,0.000,0.000,0.002
0.000,0.000,0.000,0.000,0.000,0.000,0.000,0.000,0.000,0.990,0.000,0.000,0.005,0.000,0.000,0.000,0.000,0.000,0.000,0.004
0.000,0.000,0.000,0.000,0.997,0.000,0.000,0.000,0.000,0.000,0.000,0.000,0.000,0.000,0.000,0.000,0.000,0.000,0.003,0.000
0.000,0.000,0.000,0.000,0.000,0.000,0.000,0.000,0.000,0.025,0.964,0.000,0.003,0.003,0.000,0.000,0.000,0.000,0.000,0.005
0.000,0.001,0.000,0.001,0.000,0.000,0.001,0.997,0.000,0.000,0.000,0.000,0.000,0.000,0.000,0.000,0.000,0.000,0.000,0.000
0.000,0.000,0.000,0.000,0.000,0.000,0.000,0.000,0.975,0.000,0.000,0.000,0.000,0.000,0.000,0.000,0.000,0.000,0.024,0.000
0.000,0.001,0.000,0.000,0.000,0.006,0.000,0.000,0.991,0.000,0.000,0.000,0.000,0.000,0.001,0.000,0.000,0.000,0.000,0.000
0.930,0.000,0.001,0.001,0.000,0.000,0.002,0.002,0.000,0.000,0.000,0.000,0.000,0.000,0.002,0.011,0.049,0.000,0.000,0.002
0.014,0.000,0.001,0.011,0.000,0.000,0.003,0.004,0.000,0.084,0.003,0.000,0.008,0.001,0.000,0.000,0.002,0.000,0.000,0.869
0.894,0.000,0.003,0.019,0.000,0.000,0.003,0.002,0.000,0.000,0.000,0.000,0.000,0.000,0.005,0.012,0.059,0.000,0.000,0.002
0.000,0.000,0.973,0.000,0.000,0.000,0.000,0.000,0.000,0.000,0.000,0.000,0.000,0.000,0.000,0.026,0.000,0.000,0.000,0.000
0.029,0.025,0.001,0.010,0.000,0.000,0.019,0.891,0.000,0.000,0.000,0.001,0.000,0.000,0.000,0.018,0.002,0.000,0.000,0.003
0.100,0.001,0.013,0.002,0.000,0.000,0.001,0.000,0.000,0.002,0.000,0.006,0.000,0.000,0.003,0.004,0.868,0.000,0.000,0.000
0.006,0.084,0.030,0.002,0.000,0.018,0.037,0.003,0.002,0.183,0.013,0.501,0.056,0.001,0.002,0.009,0.029,0.000,0.000,0.023
0.000,0.000,0.000,0.000,0.000,0.000,0.000,0.000,0.000,0.002,0.000,0.000,0.000,0.000,0.000,0.000,0.000,0.000,0.000,0.997
0.000,0.000,0.774,0.040,0.000,0.000,0.011,0.000,0.000,0.000,0.000,0.174,0.000,0.000,0.000,0.000,0.000,0.000,0.000,0.000
0.002,0.000,0.000,0.000,0.000,0.000,0.000,0.000,0.000,0.000,0.000,0.000,0.000,0.000,0.000,0.000,0.997,0.000,0.000,0.000
0.000,0.000,0.000,0.000,0.000,0.000,0.000,0.000,0.000,0.001,0.993,0.000,0.000,0.004,0.001,0.000,0.000,0.000,0.000,0.001
0.019,0.000,0.002,0.000,0.000,0.000,0.000,0.000,0.000,0.030,0.000,0.001,0.006,0.000,0.001,0.002,0.938,0.000,0.000,0.001
0.001,0.000,0.007,0.520,0.000,0.000,0.455,0.006,0.000,0.000,0.000,0.010,0.000,0.000,0.000,0.000,0.000,0.000,0.000,0.000
0.003,0.095,0.054,0.081,0.000,0.013,0.282,0.122,0.006,0.001,0.000,0.328,0.000,0.000,0.000,0.010,0.003,0.000,0.000,0.001
0.002,0.183,0.051,0.025,0.000,0.266,0.112,0.072,0.054,0.001,0.001,0.218,0.000,0.000,0.002,0.010,0.002,0.000,0.001,0.001
0.003,0.000,0.000,0.000,0.000,0.000,0.008,0.001,0.000,0.015,0.000,0.000,0.003,0.000,0.000,0.000,0.000,0.000,0.000,0.970
0.028,0.001,0.000,0.005,0.000,0.008,0.903,0.011,0.000,0.000,0.000,0.041,0.000,0.000,0.000,0.000,0.001,0.000,0.000,0.001
0.000,0.000,0.000,0.000,0.000,0.000,0.000,0.000,0.000,0.002,0.000,0.000,0.000,0.000,0.000,0.000,0.000,0.000,0.000,0.996
0.230,0.001,0.003,0.001,0.000,0.000,0.003,0.001,0.000,0.181,0.004,0.002,0.049,0.000,0.002,0.001,0.342,0.000,0.000,0.180
0.000,0.000,0.945,0.010,0.000,0.000,0.000,0.000,0.014,0.000,0.000,0.002,0.000,0.000,0.000,0.022,0.004,0.000,0.002,0.000
0.910,0.000,0.001,0.003,0.000,0.000,0.002,0.004,0.000,0.000,0.000,0.000,0.000,0.000,0.005,0.011,0.061,0.000,0.000,0.003
0.091,0.017,0.019,0.003,0.000,0.008,0.031,0.003,0.001,0.063,0.007,0.045,0.023,0.001,0.005,0.013,0.635,0.000,0.001,0.035
0.001,0.000,0.000,0.027,0.000,0.000,0.954,0.008,0.000,0.000,0.000,0.009,0.000,0.000,0.000,0.000,0.000,0.000,0.000,0.000
0.021,0.011,0.003,0.000,0.000,0.002,0.000,0.001,0.001,0.158,0.287,0.004,0.069,0.006,0.171,0.037,0.199,0.000,0.000,0.028
0.001,0.000,0.000,0.000,0.000,0.000,0.000,0.000,0.000,0.026,0.015,0.000,0.004,0.002,0.000,0.000,0.000,0.000,0.000,0.951
0.000,0.000,0.000,0.002,0.000,0.001,0.982,0.005,0.000,0.000,0.000,0.010,0.000,0.000,0.000,0.000,0.000,0.000,0.000,0.000
0.030,0.096,0.049,0.012,0.005,0.004,0.002,0.022,0.008,0.015,0.005,0.019,0.001,0.001,0.018,0.462,0.243,0.001,0.004,0.003
0.130,0.064,0.054,0.027,0.001,0.030,0.075,0.041,0.007,0.028,0.004,0.142,0.009,0.001,0.007,0.049,0.311,0.001,0.003,0.018
0.000,0.009,0.413,0.028,0.002,0.007,0.000,0.003,0.435,0.000,0.001,0.007,0.000,0.000,0.003,0.054,0.001,0.000,0.037,0.000
0.018,0.012,0.017,0.005,0.000,0.005,0.005,0.007,0.004,0.337,0.221,0.012,0.016,0.026,0.026,0.033,0.100,0.001,0.002,0.152
0.058,0.153,0.154,0.052,0.005,0.033,0.050,0.136,0.025,0.009,0.008,0.095,0.004,0.002,0.042,0.071,0.081,0.001,0.015,0.005
0.007,0.419,0.010,0.002,0.002,0.063,0.060,0.006,0.019,0.008,0.004,0.328,0.003,0.000,0.005,0.026,0.030,0.003,0.002,0.002
0.000,0.000,0.000,0.000,0.000,0.000,0.000,0.000,0.000,0.045,0.827,0.000,0.002,0.118,0.001,0.001,0.000,0.000,0.000,0.005
0.000,0.000,0.000,0.000,0.997,0.000,0.000,0.000,0.000,0.000,0.000,0.000,0.000,0.000,0.000,0.000,0.000,0.000,0.003,0.000
0.008,0.276,0.019,0.011,0.001,0.132,0.051,0.031,0.021,0.005,0.005,0.359,0.004,0.000,0.008,0.029,0.034,0.002,0.002,0.002
0.034,0.109,0.110,0.010,0.001,0.013,0.024,0.056,0.019,0.003,0.005,0.052,0.004,0.002,0.004,0.451,0.089,0.001,0.010,0.004
0.012,0.011,0.010,0.003,0.003,0.015,0.002,0.003,0.035,0.002,0.010,0.006,0.000,0.003,0.784,0.041,0.050,0.000,0.010,0.001
0.042,0.020,0.014,0.002,0.000,0.014,0.014,0.010,0.004,0.319,0.162,0.055,0.129,0.012,0.018,0.009,0.093,0.001,0.001,0.082
0.009,0.013,0.180,0.597,0.001,0.003,0.058,0.062,0.033,0.001,0.000,0.019,0.000,0.000,0.000,0.012,0.003,0.000,0.009,0.002
0.000,0.000,0.000,0.000,0.000,0.000,0.000,0.000,0.000,0.000,0.998,0.000,0.000,0.001,0.000,0.000,0.000,0.000,0.000,0.000
0.018,0.066,0.012,0.053,0.002,0.006,0.043,0.753,0.002,0.001,0.001,0.023,0.001,0.000,0.000,0.008,0.002,0.004,0.001,0.005
0.002,0.025,0.233,0.171,0.000,0.090,0.091,0.022,0.247,0.000,0.000,0.094,0.000,0.000,0.002,0.007,0.003,0.000,0.010,0.000
0.000,0.000,0.000,0.000,0.997,0.000,0.000,0.000,0.000,0.000,0.000,0.000,0.000,0.000,0.000,0.000,0.000,0.000,0.002,0.000
0.003,0.083,0.082,0.308,0.008,0.010,0.021,0.238,0.108,0.001,0.002,0.014,0.000,0.001,0.002,0.085,0.003,0.002,0.027,0.002
0.005,0.004,0.001,0.000,0.000,0.002,0.000,0.000,0.002,0.109,0.683,0.001,0.013,0.030,0.090,0.015,0.024,0.000,0.000,0.021
0.016,0.004,0.002,0.001,0.000,0.001,0.003,0.002,0.000,0.446,0.169,0.006,0.048,0.007,0.006,0.008,0.019,0.000,0.000,0.262
0.000,0.001,0.000,0.003,0.000,0.000,0.002,0.989,0.000,0.000,0.000,0.000,0.000,0.000,0.000,0.005,0.000,0.000,0.000,0.000
0.008,0.476,0.007,0.002,0.004,0.002,0.006,0.070,0.001,0.018,0.025,0.052,0.070,0.001,0.005,0.087,0.079,0.070,0.000,0.015
0.021,0.005,0.004,0.002,0.000,0.002,0.003,0.004,0.001,0.486,0.179,0.005,0.046,0.003,0.004,0.006,0.026,0.000,0.000,0.202
0.008,0.004,0.004,0.001,0.000,0.001,0.001,0.002,0.001,0.444,0.328,0.005,0.032,0.018,0.005,0.008,0.029,0.000,0.000,0.109
0.000,0.001,0.000,0.001,0.000,0.000,0.001,0.997,0.000,0.000,0.000,0.000,0.000,0.000,0.000,0.000,0.000,0.000,0.000,0.000
0.001,0.001,0.353,0.000,0.000,0.000,0.000,0.000,0.003,0.001,0.000,0.001,0.000,0.000,0.070,0.317,0.254,0.000,0.000,0.000
0.000,0.000,0.000,0.000,0.000,0.000,0.000,0.000,0.000,0.000,0.000,0.000,0.000,0.000,0.999,0.000,0.000,0.000,0.000,0.000
0.181,0.025,0.026,0.015,0.001,0.093,0.282,0.150,0.016,0.007,0.007,0.100,0.005,0.000,0.012,0.029,0.042,0.001,0.001,0.009
0.000,0.000,0.000,0.000,0.994,0.000,0.000,0.000,0.000,0.000,0.000,0.000,0.000,0.000,0.000,0.000,0.000,0.001,0.005,0.000
0.001,0.000,0.011,0.959,0.000,0.000,0.017,0.007,0.001,0.000,0.000,0.001,0.000,0.000,0.000,0.001,0.000,0.000,0.001,0.000
0.002,0.048,0.015,0.008,0.008,0.206,0.015,0.008,0.085,0.009,0.368,0.015,0.005,0.023,0.075,0.055,0.014,0.007,0.018,0.016
0.001,0.009,0.007,0.003,0.015,0.007,0.001,0.002,0.029,0.033,0.529,0.003,0.005,0.276,0.007,0.019,0.003,0.002,0.039,0.011
0.007,0.027,0.012,0.003,0.004,0.046,0.004,0.005,0.018,0.072,0.552,0.011,0.042,0.046,0.015,0.090,0.009,0.006,0.007,0.024
0.181,0.030,0.041,0.057,0.001,0.014,0.177,0.207,0.003,0.027,0.006,0.064,0.012,0.001,0.008,0.018,0.097,0.001,0.001,0.053
0.042,0.137,0.011,0.019,0.049,0.012,0.044,0.257,0.007,0.016,0.030,0.025,0.005,0.033,0.005,0.209,0.020,0.007,0.019,0.055
0.073,0.063,0.065,0.021,0.005,0.011,0.052,0.007,0.007,0.013,0.003,0.079,0.004,0.002,0.004,0.212,0.366,0.001,0.004,0.011
0.000,0.005,0.000,0.000,0.006,0.000,0.000,0.003,0.000,0.000,0.000,0.000,0.000,0.000,0.000,0.003,0.000,0.980,0.001,0.000
0.002,0.000,0.062,0.912,0.000,0.000,0.001,0.020,0.000,0.000,0.000,0.000,0.000,0.000,0.000,0.001,0.000,0.000,0.001,0.000
0.062,0.026,0.049,0.017,0.010,0.004,0.003,0.011,0.024,0.137,0.064,0.008,0.015,0.050,0.081,0.192,0.157,0.001,0.025,0.062
0.000,0.000,0.000,0.000,0.000,0.000,0.000,0.000,0.000,0.720,0.225,0.000,0.013,0.014,0.000,0.001,0.000,0.000,0.000,0.027
0.000,0.000,0.000,0.000,0.000,0.000,0.000,0.000,0.000,0.860,0.006,0.000,0.018,0.001,0.000,0.000,0.003,0.000,0.000,0.112
0.000,0.000,0.000,0.000,0.000,0.000,0.996,0.001,0.000,0.000,0.000,0.002,0.000,0.000,0.000,0.000,0.000,0.000,0.000,0.000
0.000,0.917,0.001,0.000,0.000,0.009,0.003,0.010,0.002,0.000,0.000,0.051,0.000,0.000,0.001,0.003,0.001,0.000,0.000,0.000
0.015,0.127,0.016,0.028,0.003,0.114,0.102,0.087,0.042,0.006,0.009,0.086,0.005,0.001,0.117,0.134,0.094,0.003,0.008,0.006
0.036,0.039,0.337,0.057,0.000,0.017,0.078,0.061,0.020,0.012,0.002,0.154,0.004,0.001,0.001,0.081,0.080,0.001,0.012,0.006
0.780,0.007,0.001,0.010,0.000,0.000,0.012,0.070,0.000,0.000,0.000,0.001,0.000,0.000,0.018,0.065,0.027,0.000,0.000,0.007
0.063,0.014,0.030,0.003,0.000,0.002,0.011,0.007,0.002,0.222,0.022,0.025,0.066,0.011,0.001,0.039,0.239,0.000,0.002,0.238
0.014,0.000,0.066,0.908,0.000,0.000,0.004,0.003,0.001,0.000,0.000,0.000,0.000,0.000,0.000,0.000,0.001,0.000,0.001,0.000
0.077,0.022,0.059,0.195,0.016,0.002,0.036,0.187,0.010,0.038,0.013,0.006,0.007,0.026,0.001,0.088,0.025,0.001,0.047,0.143
0.000,0.000,0.000,0.000,0.997,0.000,0.000,0.000,0.000,0.000,0.000,0.000,0.000,0.000,0.000,0.000,0.000,0.000,0.003,0.000
0.000,0.000,0.000,0.000,0.007,0.000,0.000,0.000,0.001,0.000,0.000,0.000,0.000,0.000,0.000,0.000,0.000,0.000,0.991,0.000
0.000,0.000,0.000,0.000,0.000,0.000,0.000,0.000,0.000,0.000,0.000,0.000,0.000,0.000,0.999,0.000,0.000,0.000,0.000,0.000
0.000,0.002,0.000,0.001,0.001,0.000,0.001,0.983,0.000,0.000,0.000,0.000,0.000,0.000,0.000,0.010,0.000,0.000,0.000,0.002
0.051,0.037,0.057,0.088,0.001,0.014,0.132,0.013,0.013,0.014,0.003,0.065,0.004,0.001,0.019,0.057,0.408,0.001,0.005,0.016
0.007,0.003,0.003,0.001,0.002,0.001,0.000,0.002,0.001,0.145,0.302,0.001,0.013,0.378,0.014,0.037,0.024,0.000,0.002,0.065
0.189,0.008,0.018,0.038,0.000,0.004,0.056,0.008,0.003,0.124,0.023,0.020,0.037,0.004,0.016,0.017,0.089,0.000,0.001,0.346
0.000,0.000,0.973,0.024,0.000,0.000,0.000,0.000,0.000,0.000,0.000,0.000,0.000,0.000,0.000,0.001,0.000,0.000,0.000,0.000
0.025,0.046,0.037,0.138,0.007,0.028,0.345,0.164,0.012,0.003,0.002,0.130,0.001,0.001,0.002,0.024,0.009,0.002,0.017,0.005
0.001,0.001,0.000,0.003,0.000,0.012,0.955,0.004,0.000,0.000,0.000,0.023,0.000,0.000,0.000,0.000,0.000,0.000,0.000,0.000
0.927,0.000,0.000,0.003,0.000,0.000,0.041,0.020,0.000,0.000,0.000,0.000,0.000,0.000,0.000,0.005,0.002,0.000,0.000,0.001
0.000,0.000,0.000,0.000,0.000,0.000,0.000,0.000,0.000,0.001,0.997,0.000,0.000,0.001,0.000,0.000,0.000,0.000,0.000,0.000
0.000,0.978,0.000,0.000,0.000,0.003,0.000,0.003,0.001,0.000,0.000,0.012,0.000,0.000,0.000,0.001,0.000,0.000,0.000,0.000
0.000,0.091,0.006,0.001,0.000,0.625,0.004,0.003,0.146,0.000,0.019,0.020,0.000,0.000,0.074,0.007,0.001,0.000,0.003,0.000
0.021,0.038,0.039,0.010,0.001,0.014,0.029,0.015,0.005,0.404,0.104,0.097,0.026,0.004,0.007,0.019,0.072,0.001,0.002,0.091
0.000,0.000,0.000,0.000,0.000,0.000,0.000,0.000,0.000,0.025,0.833,0.000,0.001,0.137,0.001,0.001,0.000,0.000,0.000,0.002
0.006,0.046,0.006,0.001,0.001,0.000,0.001,0.032,0.000,0.001,0.001,0.002,0.000,0.000,0.009,0.885,0.009,0.000,0.000,0.000
0.003,0.016,0.020,0.009,0.005,0.000,0.006,0.129,0.001,0.000,0.001,0.003,0.000,0.001,0.001,0.798,0.004,0.001,0.002,0.001
0.030,0.009,0.032,0.008,0.001,0.001,0.003,0.017,0.001,0.408,0.051,0.008,0.032,0.016,0.005,0.235,0.055,0.000,0.002,0.087
0.016,0.052,0.226,0.118,0.007,0.010,0.030,0.303,0.016,0.007,0.003,0.060,0.002,0.001,0.005,0.097,0.022,0.002,0.016,0.008
0.011,0.088,0.020,0.024,0.014,0.005,0.030,0.118,0.009,0.004,0.005,0.026,0.001,0.003,0.003,0.583,0.033,0.005,0.011,0.005
0.000,0.001,0.001,0.000,0.001,0.000,0.000,0.000,0.000,0.266,0.211,0.000,0.015,0.459,0.001,0.006,0.002,0.000,0.001,0.036
0.011,0.007,0.021,0.160,0.000,0.005,0.702,0.049,0.003,0.001,0.000,0.026,0.000,0.000,0.001,0.004,0.003,0.000,0.001,0.004
0.001,0.003,0.002,0.001,0.005,0.001,0.001,0.002,0.002,0.015,0.088,0.001,0.005,0.818,0.003,0.027,0.003,0.001,0.009,0.011
0.033,0.015,0.022,0.002,0.000,0.009,0.003,0.002,0.006,0.280,0.145,0.015,0.039,0.020,0.033,0.111,0.203,0.000,0.001,0.059
0.024,0.024,0.029,0.009,0.000,0.019,0.276,0.007,0.001,0.006,0.000,0.505,0.003,0.000,0.003,0.005,0.085,0.000,0.000,0.003
0.019,0.029,0.019,0.026,0.002,0.016,0.721,0.035,0.006,0.007,0.004,0.062,0.003,0.001,0.005,0.013,0.014,0.001,0.003,0.015
0.627,0.017,0.023,0.018,0.000,0.003,0.075,0.033,0.002,0.004,0.001,0.013,0.001,0.000,0.019,0.105,0.045,0.000,0.001,0.014
0.108,0.012,0.019,0.003,0.000,0.008,0.010,0.004,0.001,0.038,0.007,0.010,0.012,0.001,0.038,0.014,0.703,0.000,0.001,0.009
0.000,0.008,0.002,0.001,0.257,0.001,0.000,0.003,0.003,0.000,0.002,0.001,0.000,0.004,0.000,0.008,0.000,0.615,0.095,0.000
0.024,0.043,0.098,0.023,0.011,0.011,0.027,0.021,0.026,0.023,0.032,0.019,0.007,0.015,0.041,0.244,0.284,0.006,0.032,0.012
0.014,0.056,0.096,0.035,0.005,0.011,0.069,0.556,0.007,0.006,0.003,0.028,0.002,0.002,0.005,0.045,0.025,0.003,0.006,0.025
0.023,0.007,0.022,0.018,0.000,0.001,0.010,0.011,0.001,0.312,0.018,0.011,0.028,0.005,0.001,0.011,0.030,0.000,0.001,0.490
0.025,0.089,0.071,0.015,0.007,0.126,0.069,0.088,0.020,0.034,0.026,0.070,0.007,0.002,0.006,0.140,0.164,0.009,0.007,0.025
0.037,0.033,0.057,0.011,0.015,0.077,0.063,0.010,0.015,0.056,0.025,0.073,0.008,0.006,0.146,0.114,0.208,0.004,0.007,0.036
0.114,0.019,0.275,0.226,0.002,0.007,0.066,0.045,0.006,0.016,0.005,0.031,0.006,0.001,0.014,0.039,0.097,0.001,0.005,0.025
0.000,0.001,0.000,0.000,0.000,0.000,0.001,0.997,0.000,0.000,0.000,0.000,0.000,0.000,0.000,0.000,0.000,0.000,0.000,0.000
0.305,0.003,0.028,0.002,0.000,0.002,0.047,0.006,0.001,0.021,0.004,0.014,0.012,0.001,0.003,0.034,0.405,0.000,0.000,0.111
0.023,0.004,0.020,0.002,0.000,0.001,0.002,0.002,0.000,0.012,0.001,0.009,0.003,0.000,0.005,0.063,0.850,0.000,0.000,0.002
0.071,0.050,0.066,0.021,0.002,0.020,0.083,0.118,0.015,0.013,0.006,0.113,0.006,0.004,0.009,0.297,0.081,0.003,0.007,0.014
0.986,0.000,0.000,0.000,0.000,0.000,0.000,0.000,0.000,0.000,0.000,0.000,0.000,0.000,0.000,0.000,0.012,0.000,0.000,0.000
0.000,0.000,0.000,0.000,0.997,0.000,0.000,0.000,0.000,0.000,0.000,0.000,0.000,0.000,0.000,0.000,0.000,0.000,0.003,0.000
0.008,0.346,0.037,0.009,0.005,0.115,0.042,0.038,0.013,0.063,0.026,0.120,0.025,0.002,0.036,0.035,0.061,0.006,0.003,0.009
0.002,0.723,0.015,0.008,0.016,0.030,0.006,0.012,0.033,0.002,0.004,0.044,0.002,0.002,0.003,0.068,0.006,0.012,0.011,0.001
0.042,0.049,0.320,0.090,0.004,0.008,0.030,0.063,0.021,0.008,0.005,0.046,0.003,0.006,0.002,0.247,0.043,0.003,0.008,0.002
0.014,0.007,0.015,0.058,0.001,0.001,0.054,0.759,0.001,0.000,0.000,0.008,0.000,0.000,0.000,0.074,0.003,0.002,0.001,0.001
0.052,0.057,0.023,0.024,0.006,0.023,0.152,0.113,0.011,0.036,0.012,0.093,0.010,0.012,0.002,0.229,0.077,0.003,0.013,0.053
0.010,0.004,0.600,0.021,0.003,0.002,0.005,0.021,0.014,0.006,0.002,0.013,0.000,0.003,0.009,0.245,0.022,0.001,0.016,0.001
0.004,0.010,0.031,0.005,0.008,0.001,0.002,0.020,0.001,0.002,0.002,0.003,0.000,0.004,0.003,0.892,0.005,0.001,0.004,0.001
0.000,0.000,0.000,0.000,0.000,0.000,0.000,0.000,0.000,0.000,0.001,0.000,0.000,0.999,0.000,0.000,0.000,0.000,0.000,0.000
0.000,0.000,0.000,0.000,0.021,0.000,0.000,0.000,0.001,0.000,0.000,0.000,0.000,0.005,0.000,0.001,0.000,0.000,0.972,0.000
0.500,0.014,0.008,0.038,0.000,0.001,0.017,0.044,0.002,0.002,0.000,0.014,0.001,0.000,0.019,0.040,0.296,0.000,0.000,0.004
0.003,0.008,0.018,0.062,0.000,0.010,0.512,0.065,0.002,0.000,0.000,0.312,0.000,0.000,0.000,0.004,0.002,0.000,0.000,0.001
0.000,0.000,0.000,0.000,0.000,0.000,0.000,0.000,0.000,0.056,0.090,0.000,0.837,0.000,0.000,0.000,0.000,0.000,0.000,0.016
0.021,0.119,0.122,0.014,0.002,0.040,0.149,0.034,0.008,0.039,0.013,0.300,0.024,0.002,0.010,0.017,0.055,0.002,0.002,0.026
0.000,0.000,0.000,0.000,0.000,0.000,0.000,0.000,0.000,0.000,0.000,0.000,0.000,0.000,0.000,0.000,0.000,1.000,0.000,0.000
0.000,0.000,0.000,0.000,0.000,0.000,0.000,0.000,0.000,0.003,0.991,0.000,0.000,0.003,0.001,0.000,0.000,0.000,0.000,0.001
0.008,0.005,0.002,0.003,0.001,0.003,0.005,0.005,0.002,0.276,0.226,0.004,0.049,0.037,0.005,0.019,0.049,0.001,0.001,0.301
0.023,0.035,0.194,0.008,0.008,0.016,0.014,0.094,0.030,0.007,0.011,0.071,0.003,0.005,0.031,0.417,0.018,0.002,0.010,0.003
0.003,0.023,0.372,0.022,0.000,0.008,0.042,0.005,0.005,0.003,0.000,0.439,0.001,0.000,0.001,0.046,0.028,0.000,0.002,0.000
0.016,0.053,0.096,0.106,0.008,0.014,0.100,0.358,0.008,0.012,0.012,0.025,0.004,0.004,0.017,0.079,0.056,0.011,0.007,0.014
0.019,0.032,0.191,0.111,0.001,0.096,0.047,0.111,0.126,0.001,0.005,0.126,0.002,0.001,0.008,0.061,0.024,0.001,0.033,0.005
0.069,0.020,0.109,0.074,0.001,0.006,0.048,0.020,0.009,0.008,0.004,0.052,0.009,0.001,0.007,0.117,0.422,0.000,0.002,0.024
0.000,0.000,0.000,0.000,0.030,0.000,0.000,0.000,0.001,0.000,0.001,0.000,0.000,0.319,0.000,0.006,0.000,0.000,0.641,0.000
0.002,0.001,0.000,0.000,0.000,0.004,0.000,0.000,0.001,0.000,0.002,0.000,0.000,0.000,0.977,0.005,0.006,0.000,0.000,0.000
0.012,0.043,0.009,0.006,0.001,0.427,0.073,0.005,0.054,0.025,0.152,0.021,0.014,0.008,0.086,0.017,0.022,0.001,0.005,0.019
0.039,0.008,0.030,0.003,0.000,0.007,0.009,0.005,0.003,0.354,0.061,0.022,0.035,0.007,0.019,0.015,0.317,0.000,0.001,0.064
0.045,0.026,0.080,0.004,0.000,0.003,0.010,0.004,0.002,0.022,0.001,0.082,0.007,0.000,0.019,0.027,0.665,0.000,0.000,0.003
0.006,0.121,0.281,0.043,0.002,0.028,0.058,0.023,0.024,0.009,0.004,0.288,0.002,0.001,0.005,0.076,0.021,0.001,0.007,0.003
0.027,0.010,0.008,0.004,0.001,0.003,0.005,0.005,0.002,0.016,0.004,0.014,0.005,0.002,0.008,0.156,0.721,0.000,0.001,0.007
0.000,0.000,0.009,0.004,0.032,0.000,0.000,0.000,0.009,0.000,0.000,0.000,0.000,0.001,0.000,0.006,0.000,0.000,0.939,0.000
0.008,0.377,0.039,0.016,0.006,0.037,0.077,0.046,0.022,0.019,0.009,0.236,0.005,0.001,0.013,0.046,0.023,0.006,0.006,0.008
0.000,0.001,0.965,0.010,0.000,0.000,0.001,0.001,0.002,0.001,0.000,0.007,0.000,0.000,0.000,0.008,0.002,0.000,0.001,0.000
0.026,0.002,0.025,0.001,0.000,0.000,0.001,0.000,0.001,0.003,0.000,0.008,0.002,0.000,0.012,0.008,0.911,0.000,0.000,0.001
0.009,0.278,0.093,0.114,0.008,0.039,0.105,0.135,0.030,0.004,0.004,0.062,0.002,0.001,0.007,0.065,0.016,0.007,0.012,0.009
0.066,0.036,0.163,0.062,0.007,0.017,0.062,0.061,0.016,0.020,0.007,0.142,0.005,0.003,0.025,0.171,0.109,0.003,0.015,0.011
0.114,0.052,0.070,0.116,0.002,0.016,0.193,0.104,0.024,0.009,0.003,0.100,0.003,0.001,0.012,0.060,0.088,0.002,0.013,0.016
0.027,0.057,0.064,0.250,0.004,0.074,0.139,0.039,0.019,0.008,0.007,0.079,0.003,0.002,0.064,0.059,0.076,0.001,0.012,0.018
0.267,0.024,0.022,0.092,0.001,0.006,0.011,0.066,0.035,0.055,0.038,0.005,0.012,0.002,0.078,0.028,0.076,0.000,0.003,0.181
0.000,0.000,0.000,0.000,0.000,0.000,0.000,0.000,0.000,0.001,0.992,0.000,0.001,0.003,0.001,0.000,0.000,0.000,0.000,0.001
0.002,0.003,0.010,0.001,0.000,0.000,0.001,0.001,0.001,0.678,0.046,0.003,0.037,0.098,0.001,0.012,0.013,0.000,0.002,0.091
0.003,0.002,0.002,0.001,0.000,0.000,0.001,0.001,0.000,0.756,0.072,0.002,0.016,0.007,0.002,0.003,0.008,0.000,0.000,0.124
0.000,0.000,0.000,0.000,0.000,0.000,0.000,0.000,0.000,0.000,0.000,0.000,0.000,0.000,0.000,0.000,0.000,1.000,0.000,0.000
0.000,0.003,0.000,0.001,0.000,0.000,0.002,0.992,0.000,0.000,0.000,0.000,0.000,0.000,0.000,0.001,0.000,0.000,0.000,0.000
0.001,0.000,0.000,0.000,0.000,0.000,0.000,0.000,0.000,0.821,0.009,0.000,0.038,0.001,0.000,0.000,0.004,0.000,0.000,0.124
0.000,0.001,0.001,0.000,0.000,0.001,0.000,0.000,0.996,0.000,0.000,0.000,0.000,0.000,0.000,0.000,0.000,0.000,0.001,0.000
0.000,0.000,0.000,0.000,0.000,0.000,0.000,0.000,1.000,0.000,0.000,0.000,0.000,0.000,0.000,0.000,0.000,0.000,0.000,0.000
0.002,0.001,0.000,0.000,0.000,0.001,0.000,0.000,0.001,0.000,0.002,0.000,0.000,0.000,0.965,0.022,0.005,0.000,0.000,0.000
0.053,0.011,0.064,0.003,0.019,0.003,0.025,0.173,0.006,0.004,0.003,0.014,0.001,0.002,0.044,0.549,0.012,0.003,0.004,0.007
0.021,0.009,0.091,0.013,0.002,0.001,0.005,0.012,0.002,0.008,0.005,0.004,0.001,0.008,0.003,0.678,0.125,0.001,0.009,0.003
0.063,0.004,0.070,0.030,0.000,0.004,0.034,0.007,0.005,0.037,0.004,0.020,0.011,0.001,0.014,0.043,0.637,0.000,0.004,0.014
0.101,0.036,0.045,0.035,0.000,0.075,0.136,0.022,0.020,0.022,0.008,0.150,0.007,0.002,0.010,0.038,0.262,0.001,0.004,0.026
0.001,0.000,0.000,0.001,0.000,0.001,0.977,0.005,0.000,0.000,0.000,0.015,0.000,0.000,0.000,0.000,0.000,0.000,0.000,0.000
0.000,0.008,0.001,0.000,0.000,0.920,0.009,0.001,0.008,0.000,0.000,0.049,0.000,0.000,0.002,0.000,0.000,0.000,0.000,0.000
0.106,0.034,0.147,0.043,0.000,0.013,0.036,0.012,0.015,0.033,0.006,0.080,0.012,0.002,0.005,0.078,0.359,0.001,0.006,0.012
0.041,0.048,0.243,0.196,0.001,0.019,0.184,0.080,0.026,0.001,0.001,0.066,0.002,0.000,0.001,0.061,0.024,0.000,0.004,0.002
0.000,0.000,0.000,0.000,0.000,0.000,0.000,0.000,0.000,0.005,0.985,0.000,0.001,0.004,0.001,0.000,0.000,0.000,0.000,0.003
0.000,0.000,0.000,0.000,0.001,0.000,0.000,0.000,0.000,0.000,0.000,0.000,0.000,0.000,0.000,0.000,0.000,0.000,0.999,0.000
0.007,0.118,0.005,0.026,0.001,0.007,0.338,0.436,0.001,0.001,0.000,0.043,0.001,0.000,0.000,0.009,0.001,0.001,0.000,0.006
0.044,0.038,0.240,0.032,0.005,0.008,0.015,0.029,0.012,0.020,0.007,0.047,0.004,0.003,0.025,0.266,0.186,0.001,0.010,0.007
0.092,0.074,0.038,0.054,0.004,0.080,0.234,0.152,0.025,0.007,0.007,0.117,0.003,0.001,0.036,0.053,0.009,0.003,0.006,0.006
0.009,0.006,0.438,0.039,0.001,0.002,0.005,0.014,0.012,0.002,0.003,0.012,0.000,0.001,0.016,0.399,0.028,0.000,0.012,0.001
0.022,0.233,0.021,0.004,0.001,0.065,0.044,0.042,0.009,0.054,0.061,0.201,0.025,0.002,0.048,0.059,0.082,0.001,0.000,0.026
0.000,0.063,0.014,0.001,0.062,0.003,0.000,0.008,0.027,0.001,0.047,0.001,0.000,0.029,0.009,0.654,0.001,0.008,0.073,0.000
0.002,0.000,0.001,0.000,0.000,0.000,0.001,0.000,0.000,0.660,0.007,0.001,0.007,0.001,0.000,0.001,0.017,0.000,0.000,0.301
0.026,0.003,0.010,0.000,0.000,0.000,0.000,0.001,0.000,0.004,0.001,0.001,0.000,0.000,0.012,0.501,0.439,0.000,0.000,0.000
0.003,0.000,0.000,0.000,0.000,0.000,0.000,0.000,0.000,0.020,0.002,0.000,0.002,0.000,0.000,0.000,0.000,0.000,0.000,0.971
0.007,0.031,0.002,0.022,0.002,0.001,0.028,0.838,0.000,0.000,0.000,0.003,0.000,0.000,0.000,0.060,0.001,0.002,0.000,0.002
0.018,0.012,0.039,0.002,0.001,0.001,0.001,0.007,0.001,0.006,0.003,0.004,0.001,0.001,0.021,0.570,0.309,0.000,0.002,0.001
0.012,0.125,0.084,0.007,0.004,0.004,0.006,0.114,0.003,0.002,0.002,0.034,0.000,0.001,0.003,0.577,0.016,0.001,0.004,0.000
0.055,0.064,0.177,0.016,0.001,0.010,0.042,0.013,0.015,0.043,0.005,0.079,0.008,0.002,0.002,0.089,0.360,0.000,0.009,0.011
0.000,0.002,0.007,0.005,0.106,0.000,0.000,0.001,0.016,0.000,0.003,0.000,0.000,0.051,0.000,0.033,0.000,0.005,0.770,0.000
0.000,0.011,0.002,0.000,0.000,0.899,0.005,0.000,0.051,0.000,0.000,0.029,0.000,0.000,0.003,0.000,0.000,0.000,0.000,0.000
0.006,0.174,0.137,0.023,0.002,0.072,0.032,0.023,0.067,0.009,0.005,0.314,0.003,0.001,0.016,0.051,0.056,0.001,0.005,0.002
0.000,0.046,0.096,0.005,0.007,0.001,0.000,0.007,0.008,0.001,0.001,0.005,0.000,0.001,0.004,0.803,0.007,0.002,0.006,0.000
0.000,0.000,0.000,0.000,0.001,0.000,0.000,0.000,0.000,0.004,0.022,0.000,0.000,0.969,0.000,0.002,0.000,0.000,0.001,0.002
0.063,0.006,0.002,0.011,0.000,0.002,0.024,0.005,0.001,0.296,0.037,0.008,0.049,0.009,0.001,0.011,0.098,0.000,0.000,0.377
0.000,0.000,0.000,0.000,0.000,0.000,0.000,0.000,0.000,0.000,0.000,0.000,0.000,0.000,1.000,0.000,0.000,0.000,0.000,0.000
0.079,0.023,0.170,0.199,0.001,0.004,0.130,0.057,0.004,0.033,0.007,0.044,0.004,0.003,0.002,0.144,0.038,0.000,0.004,0.053
0.020,0.001,0.001,0.000,0.000,0.000,0.000,0.000,0.000,0.557,0.057,0.000,0.043,0.002,0.008,0.002,0.057,0.000,0.000,0.252
0.000,0.000,0.000,0.001,0.000,0.000,0.001,0.998,0.000,0.000,0.000,0.000,0.000,0.000,0.000,0.000,0.000,0.000,0.000,0.000
0.679,0.001,0.004,0.007,0.000,0.000,0.007,0.006,0.000,0.003,0.001,0.001,0.001,0.000,0.021,0.034,0.228,0.000,0.000,0.007
0.000,1.000,0.000,0.000,0.000,0.000,0.000,0.000,0.000,0.000,0.000,0.000,0.000,0.000,0.000,0.000,0.000,0.000,0.000,0.000
0.000,0.000,0.000,0.000,0.000,0.000,0.000,0.000,0.000,0.000,0.000,0.000,0.000,0.000,0.997,0.000,0.001,0.000,0.000,0.000
0.000,0.227,0.001,0.001,0.000,0.673,0.012,0.006,0.017,0.000,0.006,0.029,0.000,0.000,0.011,0.003,0.001,0.012,0.000,0.000
0.003,0.000,0.000,0.000,0.000,0.000,0.000,0.000,0.000,0.019,0.001,0.000,0.002,0.000,0.000,0.000,0.000,0.000,0.000,0.975
0.000,0.003,0.880,0.024,0.000,0.000,0.001,0.001,0.020,0.001,0.000,0.023,0.000,0.000,0.000,0.042,0.001,0.000,0.003,0.000
0.003,0.007,0.004,0.016,0.001,0.001,0.072,0.882,0.000,0.000,0.000,0.004,0.000,0.000,0.000,0.006,0.001,0.001,0.000,0.002
0.000,0.001,0.000,0.000,0.000,0.978,0.001,0.000,0.019,0.000,0.000,0.001,0.000,0.000,0.000,0.000,0.000,0.000,0.000,0.000
0.002,0.007,0.028,0.002,0.006,0.000,0.001,0.025,0.001,0.001,0.001,0.001,0.000,0.001,0.010,0.903,0.006,0.002,0.002,0.000
0.000,0.000,0.000,0.000,0.000,0.000,0.000,0.999,0.000,0.000,0.000,0.000,0.000,0.000,0.000,0.000,0.000,0.000,0.000,0.000
0.000,0.993,0.000,0.000,0.000,0.001,0.000,0.003,0.000,0.000,0.000,0.002,0.000,0.000,0.000,0.000,0.000,0.001,0.000,0.000
0.000,0.000,0.000,0.000,0.000,0.000,0.000,0.000,0.000,0.930,0.001,0.000,0.057,0.000,0.000,0.000,0.001,0.000,0.000,0.010
0.005,0.000,0.119,0.824,0.000,0.000,0.010,0.027,0.002,0.000,0.000,0.001,0.000,0.000,0.000,0.005,0.001,0.000,0.004,0.000
0.000,0.000,0.000,0.000,0.002,0.000,0.000,0.000,0.000,0.000,0.003,0.000,0.000,0.988,0.000,0.001,0.000,0.000,0.005,0.000
0.000,0.003,0.008,0.002,0.004,0.002,0.000,0.000,0.493,0.000,0.000,0.000,0.000,0.000,0.001,0.001,0.000,0.000,0.485,0.000
0.000,0.000,0.000,0.000,0.000,0.000,0.000,0.000,0.000,0.000,0.000,0.000,0.000,0.000,0.000,0.000,0.000,1.000,0.000,0.000
0.015,0.039,0.027,0.009,0.004,0.013,0.008,0.014,0.010,0.077,0.119,0.027,0.031,0.018,0.048,0.094,0.389,0.003,0.006,0.049
0.001,0.002,0.001,0.000,0.000,0.002,0.000,0.001,0.001,0.209,0.652,0.001,0.027,0.014,0.005,0.005,0.004,0.001,0.000,0.074
0.000,0.000,0.000,0.000,0.000,0.000,0.000,0.000,0.000,0.038,0.751,0.000,0.021,0.014,0.001,0.000,0.000,0.000,0.000,0.174
0.010,0.112,0.065,0.026,0.002,0.116,0.102,0.013,0.040,0.003,0.002,0.457,0.001,0.000,0.014,0.021,0.008,0.001,0.004,0.002
0.002,0.001,0.000,0.000,0.000,0.003,0.000,0.000,0.001,0.000,0.002,0.000,0.000,0.000,0.981,0.004,0.003,0.000,0.000,0.000
0.006,0.025,0.044,0.068,0.002,0.002,0.032,0.740,0.005,0.002,0.001,0.015,0.000,0.000,0.001,0.046,0.004,0.001,0.003,0.004
0.001,0.000,0.005,0.946,0.000,0.000,0.036,0.010,0.000,0.000,0.000,0.000,0.000,0.000,0.000,0.000,0.000,0.000,0.000,0.000
0.067,0.008,0.033,0.015,0.005,0.004,0.011,0.003,0.006,0.092,0.014,0.008,0.015,0.004,0.005,0.176,0.508,0.001,0.006,0.022
0.000,0.000,0.000,0.000,0.000,0.000,0.000,0.000,0.000,0.878,0.000,0.000,0.016,0.000,0.000,0.000,0.001,0.000,0.000,0.105
0.062,0.000,0.002,0.000,0.000,0.000,0.000,0.000,0.000,0.021,0.000,0.003,0.006,0.000,0.001,0.001,0.903,0.000,0.000,0.001
0.000,0.000,0.000,0.000,0.000,0.000,0.000,0.000,0.000,0.000,0.001,0.000,0.000,0.999,0.000,0.000,0.000,0.000,0.000,0.000
0.023,0.028,0.125,0.010,0.002,0.002,0.017,0.079,0.001,0.003,0.001,0.021,0.000,0.000,0.006,0.632,0.044,0.000,0.003,0.001
0.006,0.022,0.019,0.006,0.059,0.005,0.002,0.006,0.043,0.010,0.062,0.003,0.002,0.192,0.006,0.421,0.011,0.005,0.113,0.005
0.000,0.000,0.973,0.012,0.000,0.000,0.000,0.000,0.001,0.004,0.000,0.003,0.000,0.000,0.000,0.006,0.000,0.000,0.000,0.000
0.000,0.001,0.000,0.001,0.000,0.000,0.001,0.997,0.000,0.000,0.000,0.000,0.000,0.000,0.000,0.000,0.000,0.000,0.000,0.000
0.223,0.018,0.122,0.133,0.002,0.002,0.063,0.247,0.004,0.005,0.001,0.020,0.001,0.000,0.007,0.062,0.073,0.001,0.002,0.013
0.000,0.000,0.000,0.000,0.000,0.000,0.000,0.000,0.000,0.006,0.732,0.000,0.003,0.252,0.001,0.001,0.000,0.000,0.001,0.003
0.002,0.001,0.001,0.000,0.000,0.000,0.000,0.000,0.000,0.883,0.028,0.001,0.010,0.003,0.001,0.002,0.008,0.000,0.000,0.058
0.994,0.000,0.000,0.000,0.000,0.000,0.000,0.000,0.000,0.000,0.000,0.000,0.000,0.000,0.000,0.000,0.004,0.000,0.000,0.001
0.000,0.000,0.000,0.000,0.000,0.000,0.000,0.000,0.000,0.000,0.000,0.000,0.000,0.000,0.999,0.000,0.000,0.000,0.000,0.000
0.011,0.198,0.117,0.080,0.031,0.004,0.026,0.123,0.019,0.004,0.006,0.028,0.001,0.002,0.006,0.232,0.013,0.058,0.037,0.003
0.000,0.737,0.003,0.002,0.076,0.005,0.001,0.053,0.036,0.000,0.000,0.006,0.000,0.000,0.001,0.063,0.001,0.006,0.009,0.000
0.859,0.001,0.001,0.021,0.000,0.000,0.008,0.019,0.000,0.002,0.001,0.000,0.000,0.000,0.010,0.002,0.027,0.000,0.000,0.049
0.002,0.013,0.031,0.011,0.035,0.002,0.002,0.009,0.013,0.004,0.013,0.004,0.001,0.119,0.005,0.130,0.005,0.003,0.596,0.002
0.020,0.198,0.078,0.017,0.002,0.005,0.050,0.012,0.004,0.031,0.008,0.429,0.005,0.002,0.012,0.078,0.032,0.002,0.003,0.013
0.001,0.001,0.001,0.000,0.001,0.000,0.000,0.000,0.001,0.138,0.636,0.000,0.006,0.157,0.001,0.004,0.001,0.000,0.001,0.048
0.023,0.070,0.060,0.004,0.002,0.023,0.006,0.034,0.013,0.142,0.245,0.041,0.035,0.030,0.011,0.072,0.085,0.002,0.009,0.094
0.004,0.541,0.008,0.013,0.001,0.035,0.080,0.179,0.011,0.001,0.002,0.076,0.002,0.000,0.005,0.027,0.008,0.003,0.001,0.003
0.008,0.174,0.007,0.009,0.002,0.015,0.016,0.667,0.006,0.002,0.001,0.029,0.001,0.000,0.002,0.042,0.007,0.005,0.002,0.004
0.023,0.081,0.085,0.077,0.001,0.040,0.107,0.189,0.014,0.005,0.002,0.280,0.002,0.001,0.002,0.051,0.027,0.003,0.003,0.008
0.003,0.032,0.013,0.002,0.004,0.002,0.001,0.054,0.003,0.007,0.069,0.002,0.001,0.014,0.013,0.768,0.002,0.005,0.003,0.004
0.036,0.279,0.005,0.016,0.001,0.012,0.047,0.210,0.005,0.042,0.021,0.073,0.068,0.001,0.006,0.031,0.042,0.004,0.000,0.102
0.019,0.014,0.008,0.006,0.001,0.002,0.010,0.016,0.001,0.543,0.026,0.011,0.013,0.005,0.003,0.017,0.017,0.001,0.001,0.287
0.002,0.014,0.002,0.001,0.002,0.025,0.003,0.004,0.007,0.030,0.745,0.003,0.007,0.091,0.017,0.013,0.002,0.001,0.002,0.032
0.002,0.345,0.054,0.006,0.002,0.220,0.029,0.022,0.036,0.002,0.003,0.187,0.000,0.000,0.008,0.064,0.014,0.001,0.004,0.001
0.007,0.027,0.026,0.027,0.007,0.004,0.014,0.039,0.007,0.004,0.004,0.012,0.001,0.004,0.003,0.752,0.042,0.003,0.013,0.004
0.111,0.025,0.021,0.529,0.002,0.006,0.085,0.080,0.003,0.006,0.002,0.026,0.002,0.001,0.005,0.025,0.047,0.001,0.004,0.020
0.016,0.005,0.002,0.002,0.000,0.004,0.002,0.005,0.003,0.109,0.599,0.003,0.074,0.015,0.003,0.010,0.006,0.001,0.001,0.143
0.048,0.068,0.022,0.006,0.002,0.016,0.011,0.008,0.022,0.061,0.104,0.058,0.006,0.011,0.424,0.041,0.049,0.001,0.004,0.035
0.039,0.020,0.035,0.036,0.003,0.006,0.026,0.033,0.009,0.398,0.100,0.020,0.012,0.018,0.010,0.034,0.028,0.001,0.007,0.166
0.040,0.029,0.174,0.182,0.002,0.001,0.043,0.226,0.004,0.001,0.000,0.038,0.000,0.000,0.001,0.238,0.016,0.000,0.002,0.002
0.005,0.010,0.500,0.061,0.003,0.003,0.007,0.013,0.018,0.005,0.002,0.023,0.001,0.001,0.003,0.320,0.013,0.001,0.011,0.002
0.000,0.000,0.000,0.000,0.997,0.000,0.000,0.000,0.000,0.000,0.000,0.000,0.000,0.000,0.000,0.000,0.000,0.000,0.003,0.000
0.072,0.076,0.055,0.040,0.001,0.017,0.299,0.054,0.010,0.025,0.006,0.174,0.007,0.002,0.001,0.041,0.041,0.002,0.004,0.070
0.004,0.004,0.004,0.000,0.000,0.000,0.000,0.023,0.000,0.000,0.000,0.000,0.000,0.000,0.001,0.949,0.013,0.000,0.000,0.000
0.001,0.011,0.029,0.018,0.000,0.006,0.197,0.006,0.001,0.000,0.000,0.727,0.000,0.000,0.000,0.001,0.002,0.000,0.000,0.000
0.000,0.000,0.000,0.000,0.997,0.000,0.000,0.000,0.000,0.000,0.000,0.000,0.000,0.000,0.000,0.000,0.000,0.000,0.003,0.000
0.000,0.002,0.000,0.000,0.002,0.006,0.000,0.000,0.006,0.001,0.548,0.000,0.000,0.414,0.004,0.009,0.000,0.000,0.006,0.001
0.016,0.178,0.045,0.012,0.022,0.032,0.014,0.020,0.050,0.021,0.023,0.060,0.007,0.004,0.030,0.126,0.275,0.039,0.020,0.007
0.030,0.168,0.114,0.039,0.021,0.032,0.070,0.116,0.017,0.012,0.009,0.097,0.004,0.005,0.022,0.156,0.036,0.012,0.032,0.010
0.046,0.097,0.040,0.048,0.006,0.017,0.161,0.317,0.005,0.013,0.012,0.055,0.009,0.002,0.005,0.053,0.017,0.006,0.003,0.090
0.000,0.001,0.000,0.001,0.000,0.000,0.001,0.997,0.000,0.000,0.000,0.000,0.000,0.000,0.000,0.000,0.000,0.000,0.000,0.000
0.125,0.014,0.018,0.003,0.001,0.000,0.001,0.028,0.000,0.003,0.000,0.003,0.000,0.000,0.014,0.446,0.343,0.000,0.000,0.001
0.001,0.001,0.001,0.000,0.000,0.000,0.000,0.000,0.000,0.876,0.035,0.001,0.041,0.002,0.000,0.001,0.005,0.000,0.000,0.034
0.005,0.005,0.718,0.026,0.000,0.001,0.002,0.003,0.017,0.064,0.004,0.019,0.003,0.001,0.004,0.076,0.044,0.000,0.003,0.006
0.044,0.003,0.025,0.000,0.000,0.000,0.000,0.002,0.000,0.004,0.000,0.001,0.000,0.000,0.009,0.127,0.781,0.000,0.000,0.001
0.009,0.027,0.465,0.096,0.001,0.008,0.034,0.020,0.019,0.008,0.002,0.049,0.002,0.002,0.001,0.187,0.053,0.001,0.012,0.003
0.005,0.166,0.006,0.002,0.002,0.014,0.004,0.005,0.011,0.048,0.543,0.050,0.018,0.013,0.016,0.025,0.020,0.004,0.003,0.046
0.002,0.000,0.000,0.000,0.000,0.001,0.000,0.000,0.000,0.000,0.001,0.000,0.000,0.000,0.986,0.001,0.009,0.000,0.000,0.000
0.000,0.000,0.000,0.000,0.000,0.000,0.000,0.000,0.000,0.000,0.001,0.000,0.000,0.999,0.000,0.000,0.000,0.000,0.000,0.000
0.000,0.006,0.000,0.000,0.000,0.952,0.000,0.000,0.037,0.000,0.000,0.002,0.000,0.000,0.002,0.000,0.000,0.000,0.000,0.000
0.000,0.000,0.997,0.001,0.000,0.000,0.000,0.000,0.000,0.000,0.000,0.000,0.000,0.000,0.000,0.001,0.000,0.000,0.000,0.000
0.002,0.002,0.001,0.000,0.000,0.001,0.001,0.001,0.000,0.455,0.218,0.001,0.024,0.005,0.002,0.003,0.010,0.000,0.000,0.274
0.002,0.019,0.078,0.003,0.004,0.000,0.001,0.014,0.003,0.001,0.002,0.002,0.000,0.001,0.007,0.853,0.004,0.001,0.005,0.000
0.017,0.158,0.004,0.001,0.001,0.057,0.002,0.007,0.035,0.005,0.024,0.039,0.002,0.002,0.470,0.107,0.062,0.001,0.004,0.002
0.001,0.687,0.019,0.005,0.003,0.015,0.004,0.029,0.045,0.023,0.013,0.069,0.005,0.001,0.008,0.050,0.018,0.001,0.001,0.002
0.317,0.000,0.001,0.001,0.000,0.000,0.001,0.000,0.000,0.003,0.000,0.002,0.001,0.000,0.002,0.004,0.664,0.000,0.000,0.003
0.001,0.000,0.000,0.000,0.000,0.000,0.000,0.000,0.000,0.337,0.005,0.000,0.031,0.001,0.000,0.000,0.001,0.000,0.000,0.623
0.000,0.001,0.000,0.001,0.000,0.000,0.001,0.996,0.000,0.000,0.000,0.000,0.000,0.000,0.000,0.000,0.000,0.000,0.000,0.000
0.005,0.049,0.097,0.076,0.000,0.105,0.203,0.022,0.029,0.001,0.000,0.397,0.000,0.000,0.002,0.004,0.006,0.000,0.001,0.001
0.000,0.000,0.000,0.000,0.998,0.000,0.000,0.000,0.000,0.000,0.000,0.000,0.000,0.000,0.000,0.000,0.000,0.000,0.002,0.000
0.000,0.000,0.000,0.000,0.000,0.000,0.000,0.000,0.000,0.000,0.000,0.000,0.000,0.000,0.997,0.000,0.001,0.000,0.000,0.000
0.000,0.004,0.000,0.000,0.000,0.000,0.001,0.000,0.000,0.000,0.000,0.996,0.000,0.000,0.000,0.000,0.000,0.000,0.000,0.000
0.000,0.000,0.000,0.000,0.002,0.000,0.000,0.000,0.000,0.000,0.000,0.000,0.000,0.000,0.000,0.000,0.000,0.000,0.997,0.000
0.001,0.000,0.000,0.000,0.000,0.000,0.000,0.000,0.000,0.029,0.001,0.000,0.001,0.000,0.000,0.000,0.000,0.000,0.000,0.967
0.000,0.039,0.156,0.002,0.000,0.007,0.017,0.001,0.006,0.002,0.000,0.746,0.000,0.000,0.000,0.006,0.016,0.000,0.001,0.000
0.004,0.125,0.009,0.004,0.001,0.500,0.021,0.007,0.052,0.003,0.010,0.223,0.003,0.000,0.005,0.019,0.010,0.001,0.003,0.001
0.039,0.184,0.070,0.028,0.001,0.061,0.086,0.065,0.006,0.005,0.002,0.333,0.008,0.000,0.014,0.043,0.041,0.002,0.002,0.008
0.001,0.008,0.009,0.001,0.003,0.000,0.001,0.008,0.001,0.001,0.002,0.001,0.000,0.002,0.002,0.947,0.009,0.001,0.003,0.000
0.000,0.000,0.000,0.000,0.000,0.000,0.000,0.000,0.000,0.001,0.998,0.000,0.000,0.001,0.000,0.000,0.000,0.000,0.000,0.000
0.006,0.148,0.008,0.002,0.002,0.053,0.003,0.006,0.008,0.043,0.437,0.089,0.076,0.009,0.024,0.036,0.014,0.004,0.002,0.030
0.000,0.000,0.000,0.000,0.000,0.000,0.000,0.000,0.000,0.002,0.990,0.000,0.001,0.005,0.001,0.000,0.000,0.000,0.000,0.001
0.989,0.000,0.000,0.000,0.000,0.000,0.001,0.000,0.000,0.000,0.000,0.000,0.000,0.000,0.000,0.000,0.006,0.000,0.000,0.002
0.010,0.000,0.000,0.000,0.000,0.000,0.000,0.000,0.000,0.001,0.000,0.001,0.000,0.000,0.001,0.000,0.987,0.000,0.000,0.000
0.000,0.001,0.000,0.001,0.000,0.000,0.001,0.996,0.000,0.000,0.000,0.000,0.000,0.000,0.000,0.000,0.000,0.000,0.000,0.000
0.000,0.000,0.000,0.000,0.000,0.000,0.000,0.000,0.000,0.018,0.019,0.000,0.954,0.000,0.000,0.000,0.000,0.000,0.000,0.008
0.000,0.972,0.000,0.000,0.000,0.002,0.000,0.002,0.001,0.000,0.000,0.022,0.000,0.000,0.000,0.001,0.000,0.000,0.000,0.000
0.000,0.000,0.996,0.002,0.000,0.000,0.000,0.000,0.000,0.000,0.000,0.000,0.000,0.000,0.000,0.001,0.000,0.000,0.000,0.000
0.002,0.000,0.000,0.000,0.000,0.000,0.000,0.000,0.000,0.069,0.007,0.000,0.016,0.001,0.000,0.000,0.001,0.000,0.000,0.904
0.000,0.000,0.000,0.000,0.000,0.000,0.000,0.000,0.000,0.000,0.000,0.000,0.000,0.000,1.000,0.000,0.000,0.000,0.000,0.000
0.033,0.009,0.004,0.055,0.000,0.021,0.755,0.049,0.001,0.001,0.000,0.046,0.001,0.000,0.002,0.007,0.008,0.000,0.001,0.006
0.012,0.017,0.009,0.001,0.000,0.002,0.002,0.001,0.001,0.626,0.039,0.032,0.064,0.005,0.002,0.011,0.058,0.000,0.001,0.116
0.020,0.121,0.017,0.004,0.001,0.555,0.051,0.009,0.025,0.003,0.020,0.078,0.002,0.001,0.029,0.030,0.026,0.001,0.002,0.004
0.070,0.045,0.041,0.083,0.009,0.014,0.081,0.314,0.006,0.004,0.004,0.040,0.003,0.003,0.013,0.160,0.063,0.006,0.010,0.032
0.000,0.954,0.000,0.000,0.000,0.003,0.001,0.004,0.002,0.000,0.000,0.031,0.000,0.000,0.000,0.002,0.001,0.001,0.000,0.000
0.000,0.001,0.000,0.001,0.000,0.000,0.001,0.997,0.000,0.000,0.000,0.000,0.000,0.000,0.000,0.000,0.000,0.000,0.000,0.000
0.000,0.000,0.000,0.000,0.000,0.000,0.000,0.000,0.000,0.000,1.000,0.000,0.000,0.000,0.000,0.000,0.000,0.000,0.000,0.000
0.000,0.000,0.000,0.000,0.000,0.000,0.000,0.000,0.000,0.000,0.000,0.000,0.000,1.000,0.000,0.000,0.000,0.000,0.000,0.000
