0.0049 0.0101 0.0041 0.0036 0.9046 0.0032 0.0049 0.0075 0.0024 0.0058 0.0082 0.0058 0.0022 0.0027 0.0032 0.0085 0.0057 0.0020 0.0035 0.0071
0.0558 0.1334 0.0450 0.0368 0.0244 0.0383 0.0502 0.0586 0.0221 0.0470 0.1051 0.0775 0.0280 0.0249 0.0002 0.0827 0.0577 0.0170 0.0324 0.0628
0.0012 0.0023 0.0010 0.0009 0.0006 0.0008 0.0012 0.0018 0.0006 0.3967 0.0019 0.0014 0.0005 0.0007 0.0007 0.0020 0.0013 0.0004 0.0008 0.5834
0.0049 0.0099 0.0045 0.0038 0.9029 0.0034 0.0049 0.0076 0.0024 0.0062 0.0080 0.0060 0.0023 0.0029 0.0033 0.0085 0.0058 0.0019 0.0035 0.0072
0.0666 0.1334 0.0489 0.0495 0.0359 0.0441 0.0551 0.0939 0.0289 0.0076 0.0823 0.0762 0.0268 0.0153 0.0001 0.1199 0.0454 0.0137 0.0320 0.0245
0.0958 0.0007 0.0012 0.0768 0.0354 0.0027 0.0022 0.1358 0.0170 0.0557 0.0045 0.0018 0.0330 0.0532 0.0002 0.1574 0.0957 0.0448 0.0684 0.1177
0.0495 0.1184 0.0544 0.0354 0.0301 0.0308 0.0438 0.0682 0.0287 0.0623 0.0727 0.0760 0.0206 0.0285 0.0004 0.0905 0.0664 0.0149 0.0344 0.0741
0.2521 0.0031 0.0029 0.0006 0.0194 0.0022 0.0008 0.3942 0.0005 0.0123 0.0028 0.0017 0.0021 0.0005 0.0363 0.1855 0.0063 0.0003 0.0006 0.0757
0.0420 0.1884 0.0669 0.0011 0.0254 0.0327 0.0065 0.0674 0.0399 0.0032 0.0567 0.1066 0.0212 0.0518 0.0002 0.1147 0.0681 0.0300 0.0633 0.0139
0.0501 0.0044 0.0023 0.0015 0.0013 0.0015 0.0021 0.9113 0.0015 0.0022 0.0035 0.0026 0.0009 0.0011 0.0013 0.0051 0.0023 0.0007 0.0014 0.0029
0.0473 0.1396 0.0558 0.0002 0.0381 0.0409 0.0183 0.0005 0.0225 0.0709 0.0992 0.0779 0.0270 0.0286 0.0148 0.0925 0.0754 0.0198 0.0402 0.0904
0.0020 0.0063 0.4122 0.0012 0.0014 0.0011 0.0016 0.0025 0.2963 0.0018 0.0030 0.0027 0.0008 0.1684 0.0011 0.0035 0.0019 0.0017 0.0881 0.0024
0.0044 0.0094 0.0039 0.0034 0.0027 0.0029 0.0044 0.0090 0.0021 0.0054 0.0072 0.0051 0.0018 0.0028 0.0024 0.0075 0.0054 0.0021 0.9123 0.0061
0.0113 0.1814 0.0376 0.0006 0.0033 0.0456 0.0008 0.3014 0.0049 0.0008 0.0026 0.1740 0.0032 0.0005 0.0004 0.1856 0.0442 0.0003 0.0007 0.0010
0.1970 0.0021 0.0009 0.0008 0.1134 0.0017 0.0010 0.0016 0.0005 0.0214 0.0074 0.0011 0.0004 0.0006 0.0007 0.0115 0.2073 0.0004 0.0007 0.4296
0.0577 0.1257 0.0351 0.0140 0.0047 0.0397 0.0559 0.0013 0.0232 0.0755 0.1010 0.0673 0.0262 0.0313 0.0374 0.0957 0.0661 0.0171 0.0378 0.0873
0.1710 0.0023 0.0011 0.0009 0.0013 0.0008 0.0012 0.0032 0.0006 0.0015 0.0020 0.0014 0.0005 0.0007 0.0007 0.6034 0.2043 0.0005 0.0009 0.0017
0.0051 0.0107 0.0044 0.0039 0.9012 0.0033 0.0050 0.0074 0.0025 0.0058 0.0089 0.0059 0.0023 0.0028 0.0034 0.0087 0.0058 0.0020 0.0035 0.0073
0.0035 0.0020 0.0456 0.0029 0.0007 0.0829 0.2923 0.0064 0.1569 0.0012 0.0026 0.0013 0.0133 0.0738 0.0007 0.0030 0.0012 0.1482 0.1602 0.0014
0.3959 0.0025 0.0011 0.0010 0.0008 0.0008 0.0013 0.5823 0.0006 0.0015 0.0021 0.0015 0.0005 0.0007 0.0008 0.0021 0.0014 0.0005 0.0009 0.0018
0.0049 0.0101 0.0041 0.0038 0.9047 0.0029 0.0049 0.0076 0.0022 0.0061 0.0084 0.0062 0.0021 0.0028 0.0031 0.0082 0.0055 0.0019 0.0035 0.0069
0.0011 0.6031 0.0008 0.0006 0.0006 0.0007 0.0010 0.0016 0.0005 0.0012 0.0017 0.3798 0.0005 0.0006 0.0006 0.0019 0.0012 0.0004 0.0007 0.0014
0.2541 0.0017 0.0011 0.0006 0.1674 0.0047 0.0009 0.1651 0.0037 0.0009 0.0014 0.0009 0.0004 0.0005 0.0005 0.3931 0.0009 0.0003 0.0006 0.0012
0.0051 0.0107 0.0044 0.0039 0.0031 0.0035 0.0053 0.0083 0.0026 0.0067 0.0091 0.0063 0.0023 0.8970 0.0033 0.0089 0.0062 0.0020 0.0037 0.0075
0.0026 0.0057 0.0022 0.0019 0.0017 0.0018 0.0027 0.0042 0.0014 0.0033 0.0048 0.0035 0.0349 0.4702 0.0018 0.0047 0.0033 0.0068 0.4384 0.0040
0.0007 0.5050 0.0006 0.0005 0.0005 0.0005 0.0007 0.0010 0.0004 0.0008 0.0012 0.2403 0.0003 0.0288 0.0004 0.0011 0.0007 0.0679 0.1477 0.0009
0.0016 0.9721 0.0013 0.0010 0.0009 0.0010 0.0015 0.0024 0.0008 0.0019 0.0026 0.0019 0.0007 0.0009 0.0010 0.0026 0.0018 0.0006 0.0011 0.0022
0.1121 0.0023 0.0578 0.0005 0.0061 0.0086 0.0006 0.0017 0.0985 0.0008 0.0011 0.0010 0.0003 0.1165 0.0004 0.3235 0.0295 0.0802 0.1554 0.0032
0.0513 0.1016 0.0601 0.0053 0.0442 0.0389 0.0094 0.0792 0.0187 0.0667 0.1239 0.0763 0.0275 0.0217 0.0003 0.1212 0.0839 0.0038 0.0030 0.0630
0.0672 0.1809 0.0637 0.0039 0.0215 0.0491 0.0012 0.0716 0.0303 0.0347 0.0376 0.1106 0.0176 0.0134 0.0299 0.0978 0.0567 0.0045 0.0371 0.0706
0.0679 0.1997 0.0719 0.0008 0.0287 0.0495 0.0007 0.1165 0.0435 0.0226 0.0459 0.1189 0.0179 0.0077 0.0005 0.0915 0.0629 0.0007 0.0098 0.0423
0.0604 0.1577 0.0532 0.0160 0.0301 0.0362 0.0317 0.0303 0.0341 0.0606 0.0186 0.0980 0.0123 0.0168 0.0461 0.1081 0.0764 0.0052 0.0256 0.0826
0.0615 0.1691 0.0615 0.0009 0.0479 0.0362 0.0004 0.0501 0.0407 0.0571 0.0321 0.0965 0.0116 0.0088 0.0339 0.0979 0.0850 0.0005 0.0232 0.0850
0.0574 0.1242 0.0541 0.0364 0.0322 0.0348 0.0483 0.0641 0.0292 0.0345 0.0771 0.0744 0.0238 0.0297 0.0105 0.0982 0.0595 0.0131 0.0373 0.0612
0.0066 0.0321 0.0018 0.0015 0.0013 0.0015 0.0022 0.0034 0.0011 0.0025 0.0037 0.0039 0.0014 0.4016 0.0014 0.0039 0.0025 0.0558 0.4684 0.0033
0.0125 0.0421 0.0032 0.0004 0.0415 0.0171 0.0013 0.0009 0.0133 0.1599 0.3120 0.0284 0.0319 0.0045 0.0004 0.0047 0.0512 0.0013 0.0090 0.2642
0.0049 0.0098 0.0041 0.0034 0.9093 0.0022 0.0045 0.0072 0.0020 0.0057 0.0083 0.0058 0.0021 0.0024 0.0031 0.0078 0.0052 0.0018 0.0036 0.0067
0.6066 0.0037 0.0014 0.0013 0.0012 0.0011 0.0015 0.0036 0.0009 0.0021 0.0035 0.0022 0.0008 0.0011 0.3508 0.0112 0.0020 0.0009 0.0016 0.0025
0.3374 0.0024 0.0010 0.0008 0.0007 0.0008 0.0011 0.3407 0.0005 0.0013 0.0019 0.0013 0.0005 0.0007 0.0007 0.2985 0.0013 0.0060 0.0008 0.0015
0.0544 0.0519 0.0626 0.0187 0.0015 0.0557 0.0568 0.0028 0.0108 0.0865 0.1059 0.0468 0.0264 0.0137 0.0002 0.1107 0.1223 0.0087 0.0228 0.1408
0.0434 0.1273 0.0652 0.0496 0.0046 0.0440 0.0696 0.1090 0.0292 0.0003 0.1206 0.0644 0.0316 0.0417 0.0001 0.1034 0.0135 0.0255 0.0565 0.0005
0.0565 0.1048 0.1254 0.0203 0.0577 0.0724 0.0526 0.0325 0.0369 0.0005 0.0008 0.0519 0.0195 0.0003 0.0003 0.2263 0.1399 0.0002 0.0003 0.0008
0.0055 0.0106 0.0047 0.0041 0.8933 0.0038 0.0058 0.0082 0.0028 0.0067 0.0094 0.0064 0.0025 0.0031 0.0036 0.0093 0.0064 0.0021 0.0039 0.0078
0.0011 0.2094 0.0189 0.0005 0.0067 0.0151 0.0012 0.0010 0.0136 0.1244 0.0181 0.1921 0.0003 0.0006 0.0004 0.0082 0.2267 0.0002 0.0005 0.1609
0.0021 0.0043 0.0019 0.0016 0.0013 0.0014 0.0021 0.0032 0.0011 0.7145 0.0043 0.0025 0.1611 0.0012 0.0014 0.0035 0.0025 0.0008 0.0015 0.0875
0.0031 0.0061 0.2569 0.6757 0.0019 0.0031 0.0032 0.0044 0.0015 0.0037 0.0056 0.0037 0.0014 0.0017 0.0019 0.0147 0.0035 0.0014 0.0022 0.0043
0.0037 0.3779 0.0006 0.0005 0.0004 0.0017 0.0007 0.0010 0.0003 0.1052 0.0387 0.2458 0.0024 0.0003 0.0015 0.0014 0.0078 0.0002 0.0004 0.2094
0.0608 0.1584 0.0071 0.0014 0.0001 0.0434 0.0181 0.0017 0.0099 0.0954 0.1232 0.0910 0.0263 0.0246 0.0484 0.0550 0.0740 0.0233 0.0293 0.1085
0.0686 0.3507 0.0048 0.0005 0.0005 0.0423 0.0038 0.0012 0.0003 0.0008 0.0449 0.1092 0.0057 0.0004 0.0004 0.0951 0.2692 0.0002 0.0005 0.0009
0.0016 0.9650 0.0017 0.0012 0.0010 0.0010 0.0017 0.0028 0.0008 0.0021 0.0028 0.0070 0.0007 0.0009 0.0011 0.0028 0.0018 0.0006 0.0012 0.0023
0.0014 0.6166 0.0008 0.0006 0.0005 0.0008 0.0009 0.0013 0.0004 0.0011 0.0014 0.2933 0.0458 0.0005 0.0005 0.0016 0.0294 0.0003 0.0006 0.0022
0.0691 0.2979 0.0575 0.0003 0.0802 0.0195 0.0004 0.0052 0.0664 0.0009 0.0012 0.0167 0.0002 0.0645 0.0002 0.1829 0.0050 0.0338 0.0799 0.0180
0.0051 0.0106 0.0044 0.0040 0.8995 0.0033 0.0052 0.0078 0.0026 0.0062 0.0090 0.0058 0.0023 0.0029 0.0032 0.0087 0.0060 0.0020 0.0037 0.0074
0.0010 0.4723 0.0006 0.0005 0.0005 0.1333 0.0007 0.0013 0.0003 0.0008 0.0011 0.3039 0.0725 0.0003 0.0075 0.0010 0.0008 0.0002 0.0005 0.0009
0.0651 0.1759 0.0054 0.0009 0.0399 0.0626 0.0489 0.0005 0.0384 0.0006 0.1485 0.1042 0.0299 0.0460 0.0001 0.1313 0.0051 0.0326 0.0581 0.0060
0.0051 0.0104 0.0044 0.0039 0.8989 0.0036 0.0053 0.0082 0.0027 0.0060 0.0083 0.0066 0.0023 0.0030 0.0033 0.0089 0.0063 0.0020 0.0036 0.0072
0.0017 0.9694 0.0014 0.0013 0.0010 0.0011 0.0017 0.0025 0.0008 0.0022 0.0029 0.0020 0.0008 0.0010 0.0011 0.0027 0.0020 0.0007 0.0012 0.0025
0.0009 0.0057 0.0008 0.0006 0.0005 0.0006 0.0009 0.0013 0.0919 0.0221 0.4255 0.0012 0.0395 0.1427 0.0005 0.0014 0.0010 0.0526 0.2092 0.0012
0.0723 0.1569 0.0609 0.0432 0.0230 0.0445 0.0441 0.0322 0.0283 0.0266 0.0282 0.0837 0.0280 0.0316 0.0001 0.1176 0.0701 0.0154 0.0338 0.0593
0.0025 0.1471 0.0021 0.0017 0.0014 0.0014 0.0023 0.0035 0.0011 0.0028 0.0043 0.8135 0.0012 0.0014 0.0014 0.0039 0.0027 0.0009 0.0016 0.0033
0.0408 0.0097 0.0039 0.0035 0.8646 0.0032 0.0045 0.0069 0.0023 0.0059 0.0081 0.0059 0.0060 0.0027 0.0029 0.0116 0.0054 0.0018 0.0033 0.0071
0.0070 0.1851 0.0176 0.0003 0.0053 0.0421 0.0108 0.0005 0.0284 0.1132 0.1736 0.1229 0.0266 0.0287 0.0002 0.0038 0.0334 0.0241 0.0500 0.1265
0.0601 0.1254 0.0432 0.0269 0.0014 0.0364 0.0391 0.0727 0.0170 0.0645 0.1015 0.0749 0.0282 0.0315 0.0001 0.0898 0.0627 0.0111 0.0329 0.0806
0.0929 0.1794 0.0607 0.0002 0.0321 0.0605 0.0374 0.0008 0.0003 0.0079 0.0322 0.1309 0.0394 0.0381 0.0002 0.1157 0.0636 0.0012 0.0486 0.0577
0.0022 0.0046 0.0030 0.0017 0.0013 0.0016 0.0022 0.9568 0.0011 0.0027 0.0037 0.0037 0.0010 0.0012 0.0014 0.0038 0.0026 0.0008 0.0016 0.0031
0.0067 0.0133 0.0059 0.0049 0.0041 0.0044 0.0072 0.0094 0.0031 0.0083 0.0113 0.0082 0.8696 0.0037 0.0043 0.0109 0.0078 0.0024 0.0047 0.0098
0.0680 0.1730 0.0466 0.0078 0.0313 0.0506 0.0327 0.0416 0.0415 0.0407 0.0057 0.1084 0.0167 0.0240 0.0002 0.1184 0.0647 0.0077 0.0301 0.0905
0.0153 0.5284 0.0193 0.0009 0.0022 0.0144 0.0010 0.0448 0.0238 0.0044 0.0033 0.2373 0.0013 0.0008 0.0112 0.0502 0.0165 0.0069 0.0102 0.0077
0.0557 0.1318 0.0419 0.0219 0.0178 0.0374 0.0331 0.0722 0.0223 0.0675 0.0864 0.0734 0.0233 0.0147 0.0377 0.0948 0.0650 0.0067 0.0158 0.0806
0.0524 0.1423 0.0530 0.0098 0.0243 0.0327 0.0196 0.0819 0.0332 0.0519 0.0502 0.0812 0.0165 0.0281 0.0347 0.0947 0.0660 0.0159 0.0426 0.0690
0.0482 0.1398 0.0456 0.0041 0.0275 0.0370 0.0086 0.0821 0.0318 0.0734 0.0735 0.0808 0.0169 0.0216 0.0364 0.0936 0.0657 0.0127 0.0280 0.0726
0.0293 0.3605 0.0368 0.0016 0.0150 0.0290 0.0023 0.0678 0.0143 0.0211 0.0315 0.2138 0.0079 0.0105 0.0106 0.0626 0.0317 0.0050 0.0159 0.0329
0.0459 0.2820 0.0339 0.0018 0.0057 0.0294 0.0042 0.0816 0.0080 0.0462 0.0344 0.1647 0.0118 0.0141 0.0214 0.0674 0.0507 0.0075 0.0297 0.0594
0.0502 0.1061 0.0471 0.0304 0.0293 0.0328 0.0430 0.0748 0.0262 0.0593 0.0834 0.0626 0.0214 0.0289 0.0328 0.0872 0.0552 0.0195 0.0363 0.0738
0.0409 0.2902 0.0343 0.0070 0.0208 0.0294 0.0126 0.0764 0.0282 0.0238 0.0411 0.1635 0.0145 0.0213 0.0181 0.0137 0.0476 0.0146 0.0271 0.0748
0.0508 0.1332 0.0517 0.0232 0.0260 0.0315 0.0381 0.0808 0.0283 0.0550 0.0660 0.0750 0.0128 0.0236 0.0317 0.0888 0.0625 0.0155 0.0374 0.0684
